101.00000000000003 256 69.00000000000003 256 69.00000000000003 281 101.00000000000003 281 TennisCourt 0
116.00000000000003 239 81.00000000000003 239 81.00000000000003 267 116.00000000000003 267 TennisCourt 0
134.00000000000006 292 103.00000000000003 292 103.00000000000003 312 134.00000000000006 312 TennisCourt 0
152.00000000000006 275 117.00000000000003 275 117.00000000000003 299 152.00000000000006 299 TennisCourt 0
165.00000000000006 267 133.00000000000006 267 133.00000000000006 287 165.00000000000006 287 TennisCourt 0
182.00000000000006 250 147.00000000000006 250 147.00000000000006 276 182.00000000000006 276 TennisCourt 0
196.00000000000006 241 164.00000000000006 241 164.00000000000006 263 196.00000000000006 263 TennisCourt 0
174 194 139 194 139 218 174 218 TennisCourt 0
188 180 159 180 159 205 188 205 TennisCourt 0
251 191 219 191 219 213.00000000000006 251 213.00000000000006 TennisCourt 0
268 178.00000000000006 231 178 231 201 268 201.00000000000006 TennisCourt 0
292 212.00000000000006 283 212.00000000000006 283 224.00000000000006 292 224.00000000000006 House 0
302 206.00000000000006 290 206.00000000000006 290 216.00000000000006 302 216.00000000000006 House 0
216 160 182 160 182 186 216 186 TennisCourt 0
230 144 202 144 202 170 230 170 TennisCourt 0
290 156.00000000000006 259 156.00000000000006 259 181.00000000000006 290 181.00000000000006 TennisCourt 0
308 141.00000000000006 275 141.00000000000006 275 171.00000000000006 308 171.00000000000006 TennisCourt 0
258 138.00000000000003 225 138 225 151.00000000000003 258 151.00000000000006 TennisCourt 0