269 210.00000000000006 234 210.00000000000006 234.00000000000003 235.00000000000006 269 235.00000000000006 House 0
305 213.00000000000006 270 213.00000000000006 270 238.00000000000006 305 238.00000000000006 House 0
333 208.00000000000006 306 208.00000000000006 306 239.00000000000006 333 239.00000000000006 House 0
363 219.00000000000006 337 219.00000000000006 337 242.00000000000006 363 242.00000000000006 House 0
398 216.00000000000006 373 216.00000000000006 373 241.00000000000006 398 241.00000000000006 House 0
428 218.00000000000006 402 218.00000000000006 402 243.00000000000006 428 243.00000000000006 House 0
468 218.00000000000006 432 218.00000000000006 432 243.00000000000006 468 243.00000000000006 House 0
363 179.00000000000006 320 179.00000000000006 320 197.00000000000006 363 197.00000000000006 House 0
397 174.00000000000006 361 174.00000000000006 361 208.00000000000006 397 208.00000000000006 House 0
235 169.00000000000003 204 169 204 195.00000000000003 235 195.00000000000006 House 0
273 171.00000000000006 239 171.00000000000006 239 199.00000000000006 273 199.00000000000006 House 0
199.00000000000006 249 160.00000000000006 249 160.00000000000006 274 199.00000000000006 274 House 0
198.00000000000006 297 166.00000000000006 297 166.00000000000006 323 198.00000000000006 323 House 0
259 303 235.00000000000006 303 235.00000000000006 325 259 325 House 0
233.00000000000006 295 193.00000000000006 295 193.00000000000006 325 233.00000000000006 325 House 0
57.00000000000004 325 23.000000000000043 325 23.000000000000043 344 57.00000000000004 344 House 0
74.00000000000003 306 35.00000000000004 306 35.00000000000004 323 74.00000000000003 323 House 0
105.00000000000003 282 56.00000000000003 282 56.00000000000003 311 105.00000000000003 311 House 0
97.00000000000003 281 52.00000000000003 281 52.000000000000036 309 97.00000000000003 309 House 0
112.00000000000003 265 75.00000000000003 265 75.00000000000003 290 112.00000000000003 290 House 0
135.00000000000006 249 90.00000000000003 249 90.00000000000003 274 135.00000000000006 274 House 0
146.00000000000003 228 109.00000000000003 228 109.00000000000003 251 146.00000000000006 251 House 0
159 208 126.00000000000003 208 126.00000000000003 228 159 228 House 0
232.00000000000003 209 196 209 196 233 232.00000000000006 233 House 0
201 229 160 229 160.00000000000003 249 201.00000000000006 249 House 0
229.00000000000006 263 197.00000000000006 263 197.00000000000006 294 229.00000000000006 294 House 0
269 257 233.00000000000006 257 233.00000000000006 293 269 293 House 0
297 264 271 264 271 292 297 292 House 0
333 263 292 263 292 292 333 292 House 0
359 265 328 265 328 296 359 296 House 0
396 265 360 265 360 292 396 292 House 0
425 270 391 270 391 302 425 302 House 0
458 271 425 271 425 294 458 294 House 0
299 302 270 302 270 327 299 327 House 0
360 302 329 302 329 331 360 331 House 0
392 306 362 306 362 333 392 333 House 0
421 302 398 302 398 333 421 333 House 0
464 304 424 304 424 331 464 331 House 0
541 214.00000000000006 505 214.00000000000006 505 236.00000000000006 541 236.00000000000006 House 0
537 235.00000000000006 505 235.00000000000006 505 257.0000000000001 537 257.0000000000001 House 0
538 256.0000000000001 498 256.0000000000001 498 278.0000000000001 538 278.0000000000001 House 0
534 278.0000000000001 501 278.0000000000001 501 300.0000000000001 534 300.0000000000001 House 0
542 299.0000000000001 498 299.0000000000001 498 324.0000000000001 542 324.0000000000001 House 0
525 321.0000000000001 491 321.0000000000001 491 345.0000000000001 525 345.0000000000001 House 0
401 359 358 359 358 380 401 380 House 0
393 381 358 381 358 401 393 401 House 0
386 402 353 402 353 423 386 423 House 0
435 365 404 365 404 386 435 386 House 0
462 362 429 362 429 394 462 394 House 0
500 364.00000000000006 464 364 464 388.00000000000006 500 388.0000000000001 House 0
530 349.0000000000001 487 349.0000000000001 487 371.0000000000001 530 371.0000000000001 House 0
171.00000000000006 358 137.00000000000006 358 137.00000000000006 384 171.00000000000006 384 House 0
126.00000000000003 312 92.00000000000003 312 92.00000000000003 335 126.00000000000003 335 House 0
206.00000000000006 351 174.00000000000006 351 174.00000000000006 376 206.00000000000006 376 House 0
236.00000000000006 352 202.00000000000006 352 202.00000000000006 378 236.00000000000006 378 House 0
263 354 231.00000000000006 354 231.00000000000006 377 263 377 House 0
316 353 269 353 269 379 316 379 House 0
312 376 271 376 271 400 312 400 House 0
466 408.00000000000006 434 408 434 427 466 427.0000000000001 House 0
194.00000000000006 400 155.00000000000006 400 155.00000000000006 423 194.00000000000006 423 House 0
162.00000000000006 410 130.00000000000006 410 130.00000000000006 437 162.00000000000006 437 House 0
78.00000000000006 449 51.00000000000006 449 51.00000000000006 464 78.00000000000006 464 House 0
172.00000000000006 442 129.00000000000006 442 129.00000000000006 462 172.00000000000006 462 House 0
311 400 272 400 272 422 311 422 House 0
307 424 274 424 274 464 307 464 House 0
305.0000000000001 467 266.0000000000001 467 266.0000000000001 488 305.0000000000001 488 House 0
250.00000000000006 444 214.00000000000006 444 214.00000000000006 463 250.00000000000006 463 House 0
446 420 408 420 408 449 446 449 House 0
444.00000000000006 443 402 443 402 469 444.0000000000001 469 House 0
387 423 348 423 348 445 387 445 House 0
381.0000000000001 447 345 447 345.00000000000006 468 381.0000000000001 468 House 0
390.0000000000001 470 345.0000000000001 470 345.0000000000001 489 390.0000000000001 489 House 0
445.0000000000001 469 407.0000000000001 469 407.0000000000001 491 445.0000000000001 491 House 0
505 402.0000000000001 475 402.0000000000001 475 429.0000000000001 505 429.0000000000001 House 0
524 424.0000000000001 501 424.0000000000001 501 446.0000000000001 524 446.0000000000001 House 0
528 448.0000000000001 488 448.0000000000001 488.00000000000006 473.0000000000001 528 473.0000000000001 House 0
519 473.0000000000001 474.0000000000001 473.0000000000001 474.0000000000001 495.0000000000001 519 495.0000000000001 House 0
514 494.0000000000001 475.0000000000001 494.0000000000001 475.0000000000001 517 514 517 House 0
300.0000000000001 533 263.0000000000001 533 263.0000000000001 554 300.0000000000001 554 House 0
170.00000000000006 506 136.00000000000006 506 136.00000000000006 526 170.00000000000006 526 House 0
436.0000000000001 538 399.0000000000001 538 399.0000000000001 556 436.0000000000001 556 House 0
516 519 481.0000000000001 519 481.0000000000001 540 516 540 House 0
513 536 475.0000000000001 536 475.0000000000001 559 513 559 House 0
434.0000000000001 495 406.0000000000001 495 406.0000000000001 512 434.0000000000001 512 House 0
79.00000000000006 517 50.00000000000006 517 50.000000000000064 545 79.00000000000006 545 House 0
183.00000000000006 580 154.00000000000006 580 154.00000000000006 608 183.00000000000006 608 House 0
504.0000000000001 604 474.0000000000001 604 474.0000000000001 632 504.0000000000001 632 House 0
431.0000000000001 586 400.0000000000001 586 400.0000000000001 617 431.0000000000001 617 House 0
369.0000000000001 587 338.0000000000001 587 338.0000000000001 612 369.0000000000001 612 House 0
308.0000000000001 508 264.0000000000001 508 264.0000000000001 534 308.0000000000001 534 House 0
121.00000000000007 577 90.00000000000006 577 90.00000000000007 607 121.00000000000009 607 House 0
86.00000000000007 574 49.00000000000007 574 49.00000000000007 601 86.00000000000009 601 House 0
25.000000000000075 568 2.0000000000000693 568 2.000000000000073 621 25.000000000000078 621 House 0
606 491.0000000000001 572 491.0000000000001 572 536 606 536 House 0
615 446.0000000000001 573 446.0000000000001 573 478.0000000000001 615 478.0000000000001 House 0
129.00000000000006 291 122.00000000000003 291 122.00000000000003 307 129.00000000000006 307 House 0
621 318.0000000000001 583 318.0000000000001 583 348.0000000000001 621 348.0000000000001 House 0
183 52.00000000000002 141 52.000000000000014 141 83.00000000000003 183 83.00000000000003 House 0