456 336 342 336 342 386 456 386 TennisCourt 0
157.00000000000006 287 97.00000000000003 287 97.00000000000004 355 157.00000000000006 355 House 0
194.00000000000006 358 134.00000000000006 358 134.00000000000006 421 194.00000000000006 421 House 0
243.00000000000006 427 169.00000000000006 427 169.00000000000006 485 243.00000000000006 485 House 0
187.00000000000006 364 164.00000000000006 364 164.00000000000006 374 187.00000000000006 374 House 0
215.00000000000006 380 175.00000000000006 380 175.00000000000006 395 215.00000000000006 395 House 0
264 402 238.00000000000006 402 238.00000000000006 420 264 420 House 0
163.00000000000006 245 101.00000000000003 245 101.00000000000003 280 163.00000000000006 280 House 0
231 225 168 225 168.00000000000006 256 231.00000000000006 256 House 0
302 209.00000000000006 238 209.00000000000006 238.00000000000006 247.00000000000006 302 247.00000000000006 House 0
369 197.00000000000006 290 197.00000000000006 290 227.00000000000006 369 227.00000000000006 House 0
288.0000000000001 486 209.00000000000006 486 209.00000000000006 550 288.0000000000001 550 House 0
334.0000000000001 548 259.0000000000001 548 259.0000000000001 610 334.0000000000001 610 House 0
132.00000000000006 431 59.00000000000006 431 59.00000000000006 495 132.00000000000006 495 House 0
79.00000000000006 449 53.00000000000006 449 53.00000000000006 464 79.00000000000006 464 House 0
201.00000000000006 565 139.00000000000006 565 139.00000000000006 599 201.00000000000006 599 House 0
157.00000000000006 593 79.00000000000009 593 79.00000000000009 626 157.00000000000006 626 House 0
95.00000000000006 362 24.000000000000043 362 24.00000000000005 430 95.00000000000006 430 House 0
179.00000000000006 502 90.00000000000006 502 90.00000000000006 558 179.00000000000006 558 House 0
388.0000000000001 556 348.0000000000001 556 348.0000000000001 573 388.0000000000001 573 House 0
206 7.000000000000019 108 7.000000000000012 108 50.000000000000014 206 50.00000000000003 House 0