104 4.000000000000009 39 4.000000000000005 39 42.000000000000014 104 42.000000000000014 House 0
98 48.00000000000001 48 48 48.00000000000001 95 98 95 House 0
83 100 56.000000000000014 100 56.000000000000014 149 83.00000000000003 149 House 0
79.00000000000003 143 42.000000000000014 143 42.00000000000002 201 79.00000000000003 201 House 0
74.00000000000003 202 38.00000000000003 202 38.00000000000003 230 74.00000000000003 230 House 0
190 65.00000000000003 155 65.00000000000003 155 101.00000000000003 190 101.00000000000003 House 0
242 27.000000000000025 164 27.00000000000002 164 64.00000000000003 242 64.00000000000003 House 0
205 102.00000000000003 151 102.00000000000003 151 127.00000000000003 205 127.00000000000003 House 0
246 122.00000000000003 178 122.00000000000003 178 171 246 171.00000000000006 House 0
249 173.00000000000006 196 173 196 227.00000000000003 249 227.00000000000006 House 0
96.00000000000003 232 53.00000000000003 232 53.00000000000003 258 96.00000000000003 258 House 0
138.00000000000006 242 98.00000000000003 242 98.00000000000003 273 138.00000000000006 273 House 0
177.00000000000003 232 137 232 137.00000000000003 263 177.00000000000006 263 House 0
215.00000000000003 221 172 221 172.00000000000003 252 215.00000000000006 252 House 0
501 78.00000000000006 436 78.00000000000006 436 136.00000000000006 501 136.00000000000006 House 0
417 216.00000000000006 370 216.00000000000006 370 247.00000000000006 417 247.00000000000006 House 0
377 10.000000000000046 376 10.000000000000046 376 12.000000000000046 377 12.000000000000046 House 0
459 12.00000000000005 380 12.000000000000046 380 82.00000000000006 459 82.00000000000006 House 0
539 17.00000000000006 475 17.000000000000057 475 42.000000000000064 539 42.00000000000007 House 0
574 41.00000000000007 506 41.00000000000006 506 85.00000000000006 574 85.00000000000006 House 0
631 24.000000000000075 584 24.00000000000007 584 56.00000000000007 631 56.00000000000007 House 0
587 83.00000000000009 547 83.00000000000006 547 126.00000000000007 587 126.00000000000009 House 0
633 101.00000000000009 589 101.00000000000009 589 150.00000000000006 633 150.00000000000006 House 0
544 143.00000000000006 494 143.00000000000006 494 181.00000000000006 544 181.00000000000006 House 0
503 170.00000000000006 427 170.00000000000006 427 213.00000000000006 503 213.00000000000006 House 0
373 229.00000000000006 316 229.00000000000006 316 265 373 265 House 0
314 266 263 266 263 301 314 301 House 0
257 285 183.00000000000006 285 183.00000000000006 335 257 335 House 0
190.00000000000006 326 120.00000000000003 326 120.00000000000003 374 190.00000000000006 374 House 0
126.00000000000006 360 76.00000000000006 360 76.00000000000006 393 126.00000000000006 393 House 0
78.00000000000006 374 29.000000000000043 374 29.00000000000005 410 78.00000000000006 410 House 0
37.00000000000005 399 12.00000000000005 399 12.00000000000005 431 37.00000000000006 431 House 0
601 288.0000000000001 544 288.0000000000001 544 328.0000000000001 601 328.0000000000001 House 0
561 334.0000000000001 542 334.0000000000001 542 349.0000000000001 561 349.0000000000001 House 0
583 348.0000000000001 562 348.0000000000001 562 367.0000000000001 583 367.0000000000001 House 0
621 347.0000000000001 604 347.0000000000001 604 370.0000000000001 621 370.0000000000001 House 0
618 383.0000000000001 572 383.0000000000001 572 423.0000000000001 618 423.0000000000001 House 0
427 443 357 443 357 487 427.0000000000001 487 House 0
570 417.0000000000001 502 417.0000000000001 502 453.0000000000001 570 453.0000000000001 House 0
523 451.0000000000001 439 451 439.00000000000006 493.00000000000006 523 493.0000000000001 House 0
378.0000000000001 522 289.0000000000001 522 289.0000000000001 575 378.0000000000001 575 House 0
434.0000000000001 599 375.0000000000001 599 375.0000000000001 629 434.0000000000001 629 House 0
454.0000000000001 579 404.0000000000001 579 404.0000000000001 608 454.0000000000001 608 House 0
525 525 430.0000000000001 525 430.0000000000001 566 525 566 House 0
588 482.0000000000001 501.0000000000001 482.0000000000001 501.0000000000001 525 588 525 House 0
608 539 572 539 572 601 608 601 House 0
452.0000000000001 487 375.0000000000001 487 375.0000000000001 528 452.0000000000001 528 House 0
479.0000000000001 615 439.0000000000001 615 439.0000000000001 635 479.0000000000001 635 House 0