32.00000000000006 417 10.00000000000005 417 10.000000000000052 444 32.00000000000006 444 House 0
48.00000000000005 399 21.00000000000005 399 21.00000000000005 421 48.00000000000006 421 House 0
162.00000000000006 296 116.00000000000003 296 116.00000000000003 338 162.00000000000006 338 TennisCourt 0
183.00000000000006 307 149.00000000000006 307 149.00000000000006 351 183.00000000000006 351 TennisCourt 0
213.00000000000006 314 177.00000000000006 314 177.00000000000006 365 213.00000000000006 365 TennisCourt 0
240.00000000000006 331 197.00000000000006 331 197.00000000000006 375 240.00000000000006 375 TennisCourt 0
269 277 228.00000000000006 277 228.00000000000006 325 269 325 TennisCourt 0
241.00000000000006 264 208.00000000000006 264 208.00000000000006 310 241.00000000000006 310 TennisCourt 0
222.00000000000006 250 179.00000000000006 250 179.00000000000006 299 222.00000000000006 299 TennisCourt 0
191.00000000000006 242 154.00000000000006 242 154.00000000000006 285 191.00000000000006 285 TennisCourt 0
76.00000000000004 342 34.00000000000004 342 34.00000000000004 380 76.00000000000006 380 House 0