474.00000000000006 417 409 417 409.00000000000006 482 474.0000000000001 482.0000000000001 TennisCourt 0
515 399.00000000000006 455 399 455.00000000000006 466.0000000000001 515 466.0000000000001 TennisCourt 0
557 389.0000000000001 492 389.0000000000001 492 449.0000000000001 557 449.0000000000001 TennisCourt 0
347 314 271 314 271 363 347 363 TennisCourt 0
364 350 276 350 276 395 364 395 TennisCourt 0
169.00000000000006 301 125.00000000000003 301 125.00000000000003 333 169.00000000000006 333 House 0
179.00000000000006 286 141.00000000000006 286 141.00000000000006 308 179.00000000000006 308 House 0
190.00000000000006 269 156.00000000000006 269 156.00000000000006 296 190.00000000000006 296 House 0
208.00000000000006 262 170.00000000000006 262 170.00000000000006 283 208.00000000000006 283 House 0
230.00000000000006 242 192.00000000000006 242 192.00000000000006 265 230.00000000000006 265 House 0
242.00000000000003 230.00000000000003 208 230 208.00000000000006 254.00000000000003 242.00000000000006 254.00000000000006 House 0
256 217.00000000000003 218 217 218.00000000000006 242.00000000000003 256 242.00000000000006 House 0
304 61.00000000000003 239 61.00000000000003 239 139.00000000000006 304 139.00000000000006 House 0
353 25.00000000000004 274 25.000000000000036 274 72.00000000000004 353 72.00000000000006 House 0
113 46.00000000000001 51 46 51.00000000000001 89 113 89 House 0
52.00000000000003 229 21.00000000000003 229 21.00000000000003 259 52.00000000000003 259 House 0
86.00000000000003 207 48.00000000000003 207 48.00000000000003 250 86.00000000000003 250 House 0
103.00000000000003 198 73.00000000000003 198 73.00000000000003 246 103.00000000000003 246 House 0
124.00000000000003 183 90.00000000000003 183 90.00000000000003 223 124.00000000000003 223 House 0
145 177 117.00000000000003 177 117.00000000000003 210 145 210 House 0
160 151 125.00000000000003 151 125.00000000000003 187 160 187 House 0
188 147 153 147 153 178 188 178 House 0
223 135 181 135 181 167 223 167 House 0
329 143.00000000000006 282 143.00000000000006 282 181.00000000000006 329 181.00000000000006 House 0
58.00000000000001 38 26.000000000000007 38 26.000000000000007 65 58.000000000000014 65 House 0