75 45.000000000000014 59 45.000000000000014 59 83 75 83 House 0
76 19.000000000000007 59 19.000000000000007 59 45.000000000000014 76 45.000000000000014 House 0
160 44.000000000000014 140 44.000000000000014 140 75.00000000000003 160 75.00000000000003 House 0
88.00000000000003 206 68.00000000000003 206 68.00000000000003 230 88.00000000000003 230 House 0
267 96.00000000000003 240 96.00000000000003 240 136.00000000000006 267 136.00000000000006 House 0
266 25.000000000000032 235 25.00000000000003 235 68.00000000000003 266 68.00000000000003 House 0
141.00000000000003 204 120.00000000000003 204 120.00000000000003 241 141.00000000000006 241 House 0
261 307 238.00000000000006 307 238.00000000000006 335 261 335 House 0
263 156.00000000000006 239 156.00000000000006 239 193.00000000000006 263 193.00000000000006 House 0
289 166.00000000000006 271 166.00000000000006 271 200.00000000000006 289 200.00000000000006 House 0
406 119.00000000000006 384 119.00000000000006 384 159.00000000000006 406 159.00000000000006 House 0
353 264 329 264 329 293 353 293 House 0
258 420 234.00000000000006 420 234.00000000000006 450 258 450 House 0
113.00000000000004 329 92.00000000000003 329 92.00000000000004 356 113.00000000000006 356 House 0
173 157 155 157 155 200 173 200 House 0
486 187.00000000000006 452 187.00000000000006 452 240.00000000000006 486 240.00000000000006 House 0