55.000000000000014 78 35.000000000000014 78 35.000000000000014 140 55.000000000000014 140 TennisCourt 0
83 79 62.000000000000014 79 62.000000000000014 144 83.00000000000003 144 TennisCourt 0
109.00000000000003 79 87 79 87.00000000000001 143 109.00000000000003 143 TennisCourt 0
54.00000000000002 159 35.000000000000014 159 35.00000000000002 224 54.00000000000003 224 TennisCourt 0
81.00000000000003 159 59.000000000000014 159 59.00000000000002 223 81.00000000000003 223 TennisCourt 0
106.00000000000003 159 86.00000000000003 159 86.00000000000003 230 106.00000000000003 230 TennisCourt 0
125 8.000000000000012 100 8.00000000000001 100 47.000000000000014 125 47.000000000000014 House 0
150 7.000000000000018 128 7.000000000000016 128 49.000000000000014 150 49.000000000000014 House 0
178 14.00000000000002 150 14.000000000000018 150 55.000000000000014 178 55.00000000000003 House 0
70 5.000000000000007 38 5.000000000000005 38 33.00000000000001 70 33.000000000000014 House 0
32.000000000000014 77 12.00000000000001 77 12.000000000000012 129 32.000000000000014 129 House 0
27.000000000000025 171 8.000000000000021 171 8.000000000000023 211 27.00000000000003 211 House 0
203 13.000000000000023 179 13.000000000000021 179 61.00000000000003 203 61.00000000000003 House 0
230 14.000000000000025 204 14.000000000000025 204 60.00000000000003 230 60.00000000000003 House 0
256 17.00000000000003 230 17.00000000000003 230 56.00000000000003 256 56.00000000000003 House 0
281 25.000000000000032 255 25.00000000000003 255 74.00000000000003 281 74.00000000000003 House 0
307 24.000000000000036 282 24.000000000000036 282 72.00000000000003 307 72.00000000000003 House 0
27.000000000000032 236 9.000000000000028 236 9.000000000000032 288 27.000000000000036 288 House 0
26.000000000000046 355 7.000000000000043 355 7.000000000000046 409 26.00000000000005 409 House 0
23.00000000000005 406 5.00000000000005 406 5.000000000000053 467 23.000000000000057 467 House 0
23.00000000000007 561 1.0000000000000688 561 1.0000000000000715 606 23.00000000000007 606 House 0
48.00000000000007 562 24.00000000000007 562 24.00000000000007 603 48.00000000000007 603 House 0
74.00000000000007 558 48.00000000000007 558 48.00000000000007 605 74.00000000000009 605 House 0
98.00000000000009 558 76.00000000000006 558 76.00000000000007 603 98.00000000000009 603 House 0
124.00000000000007 567 98.00000000000006 567 98.00000000000009 609 124.00000000000009 609 House 0
153.00000000000006 559 122.00000000000006 559 122.00000000000006 608 153.00000000000006 608 House 0
174.00000000000006 564 149.00000000000006 564 149.00000000000006 608 174.00000000000006 608 House 0
202.00000000000006 566 174.00000000000006 566 174.00000000000006 611 202.00000000000006 611 House 0
243.00000000000006 571 207.00000000000006 571 207.00000000000006 614 243.00000000000006 614 House 0
300.0000000000001 563 258.0000000000001 563 258.0000000000001 610 300.0000000000001 610 House 0
354.0000000000001 558 309.0000000000001 558 309.0000000000001 612 354.0000000000001 612 House 0
401.0000000000001 570 369.0000000000001 570 369.0000000000001 610 401.0000000000001 610 House 0
463.0000000000001 571 425.0000000000001 571 425.0000000000001 614 463.0000000000001 614 House 0
517 574 483.0000000000001 574 483.0000000000001 629 517 629 House 0
553 571 521 571 521 633 553 633 House 0