487 264.0000000000001 475 264.0000000000001 475 290.0000000000001 487 290.0000000000001 TennisCourt 0
496 265.0000000000001 487 265.0000000000001 487 292.0000000000001 496 292.0000000000001 TennisCourt 0
506 270.0000000000001 497 270.0000000000001 497 294.0000000000001 506 294.0000000000001 TennisCourt 0
517 272.0000000000001 506 272.0000000000001 506 297.0000000000001 517 297.0000000000001 TennisCourt 0
248 171.00000000000006 237 171.00000000000006 237 196.00000000000006 248 196.00000000000006 TennisCourt 0
260 174.00000000000006 249 174.00000000000006 249 197.00000000000006 260 197.00000000000006 TennisCourt 0
269 174.00000000000006 259 174.00000000000006 259 197.00000000000006 269 197.00000000000006 TennisCourt 0
286 173.00000000000006 274 173.00000000000006 274 198.00000000000006 286 198.00000000000006 TennisCourt 0
299 174.00000000000006 287 174.00000000000006 287 199.00000000000006 299 199.00000000000006 TennisCourt 0
248 205.00000000000006 238 205.00000000000006 238 230.00000000000006 248 230.00000000000006 TennisCourt 0
259 204.00000000000006 249 204.00000000000006 249 229.00000000000006 259 229.00000000000006 TennisCourt 0
270 206.00000000000006 259 206.00000000000006 259 230.00000000000006 270 230.00000000000006 TennisCourt 0
220 103.00000000000003 211 103.00000000000003 211 119.00000000000003 220 119.00000000000003 House 0
236 102.00000000000003 228 102.00000000000003 228 118.00000000000003 236 118.00000000000003 House 0
215 28.00000000000003 208 28.00000000000003 208 43.00000000000003 215 43.00000000000003 House 0
287 65.00000000000003 274 65.00000000000003 274 73.00000000000003 287 73.00000000000003 House 0
285 60.00000000000003 272 60.00000000000003 272 67.00000000000003 285 67.00000000000003 House 0
315 73.00000000000003 300 73.00000000000003 300 80.00000000000003 315 80.00000000000003 House 0
312 69.00000000000003 300 69.00000000000003 300 78.00000000000003 312 78.00000000000003 House 0
312 61.00000000000004 302 61.00000000000004 302 69.00000000000003 312 69.00000000000003 House 0
312 55.00000000000004 300 55.00000000000004 300 63.00000000000004 312 63.00000000000004 House 0
242 68.00000000000003 234 68.00000000000003 234 82.00000000000003 242 82.00000000000003 House 0
254 71.00000000000003 247 71.00000000000003 247 84.00000000000003 254 84.00000000000003 House 0
466 444.00000000000006 446 444 446 458.00000000000006 466 458.0000000000001 House 0
471 429.00000000000006 459 429 459 442 471 442.0000000000001 House 0
483 425.00000000000006 463 425 463 440.00000000000006 483 440.0000000000001 House 0
528 340.0000000000001 516 340.0000000000001 516 353.0000000000001 528 353.0000000000001 House 0