342 431 299 431 299.00000000000006 490 342.0000000000001 490 TennisCourt 0
375.00000000000006 422 331 422 331.0000000000001 483 375.0000000000001 483 TennisCourt 0
359.0000000000001 557 292.0000000000001 557 292.0000000000001 611 359.0000000000001 611 House 0
88.00000000000003 172 50.000000000000014 172 50.000000000000014 192 88.00000000000003 192 House 0
84.00000000000003 153 48.000000000000014 153 48.00000000000003 176 84.00000000000003 176 House 0
77.00000000000003 142 44.000000000000014 142 44.000000000000014 159 77.00000000000003 159 House 0
75.00000000000003 126 42.000000000000014 126 42.000000000000014 147 75.00000000000003 147 House 0
71.00000000000001 111 38.000000000000014 111 38.000000000000014 133 71.00000000000003 133 House 0
116.00000000000003 145 89.00000000000003 145 89.00000000000003 177 116.00000000000003 177 House 0
63.000000000000014 83 28.000000000000007 83 28.00000000000001 115 63.000000000000014 115 House 0
271 104.00000000000003 231 104.00000000000003 231 138.00000000000003 271 138.00000000000006 House 0