357 396 337 396 337 433 357 433 TennisCourt 0
373 389 354 389 354 430 373 430 TennisCourt 0
447 360 426 360 426 402 447 402 TennisCourt 0
464 357 440 357 440 395 464 395 TennisCourt 0
173.00000000000006 456 153.00000000000006 456 153.00000000000006 495 173.00000000000006 495 TennisCourt 0
193.00000000000006 460 170.00000000000006 460 170.00000000000006 507 193.00000000000006 507 TennisCourt 0
324.0000000000001 497 297.0000000000001 497 297.0000000000001 542 324.0000000000001 542 House 0
178.00000000000006 539 147.00000000000006 539 147.00000000000006 581 178.00000000000006 581 House 0
152.00000000000006 516 127.00000000000006 516 127.00000000000006 556 152.00000000000006 556 House 0
127.00000000000006 488 87.00000000000006 488 87.00000000000006 533 127.00000000000006 533 House 0
65.00000000000006 473 46.00000000000006 473 46.00000000000006 489 65.00000000000006 489 House 0
61.00000000000006 496 43.00000000000006 496 43.00000000000006 511 61.00000000000006 511 House 0
62.000000000000064 517 40.00000000000006 517 40.000000000000064 561 62.00000000000007 561 House 0
100.00000000000007 580 64.00000000000006 580 64.00000000000007 608 100.00000000000009 608 House 0
173.00000000000006 587 137.00000000000006 587 137.00000000000006 628 173.00000000000006 628 House 0
228.00000000000006 577 195.00000000000006 577 195.00000000000006 628 228.00000000000006 628 House 0
269.0000000000001 590 236.00000000000006 590 236.00000000000006 630 269.0000000000001 630 House 0