239.00000000000006 482 204.00000000000006 482 204.00000000000006 509 239.00000000000006 509 House 0
218.00000000000006 408 161.00000000000006 408 161.00000000000006 451 218.00000000000006 451 House 0
159.00000000000006 502 84.00000000000006 502 84.00000000000006 532 159.00000000000006 532 House 0
122.00000000000006 435 88.00000000000006 435 88.00000000000006 460 122.00000000000006 460 House 0
259.0000000000001 491 235.00000000000006 491 235.00000000000006 522 259.0000000000001 522 House 0
282.0000000000001 497 257.0000000000001 497 257.0000000000001 536 282.0000000000001 536 House 0
313.0000000000001 504 279.0000000000001 504 279.0000000000001 544 313.0000000000001 544 House 0
147.00000000000006 308 99.00000000000003 308 99.00000000000003 339 147.00000000000006 339 House 0
168.00000000000006 286 121.00000000000003 286 121.00000000000003 325 168.00000000000006 325 House 0
79.00000000000006 382 47.00000000000004 382 47.00000000000004 401 79.00000000000006 401 House 0
75.00000000000003 208 41.00000000000003 208 41.00000000000003 244 75.00000000000003 244 House 0
191.00000000000006 263 156.00000000000006 263 156.00000000000006 292 191.00000000000006 292 House 0
197 202 154 202 154 228 197 228 House 0
172.00000000000003 216 134 216 134.00000000000003 247 172.00000000000006 247 House 0
156.00000000000006 238 115.00000000000003 238 115.00000000000003 272 156.00000000000006 272 House 0
239.00000000000006 235.00000000000003 184.00000000000006 235 184.00000000000006 257 239.00000000000006 257 House 0
74.00000000000004 316 30.000000000000036 316 30.00000000000004 351 74.00000000000006 351 House 0
319 238.00000000000006 274 238.00000000000006 274 267 319 267 House 0
270 290 227.00000000000006 290 227.00000000000006 312 270 312 House 0
91 74 45.000000000000014 74 45.000000000000014 100 91 100 House 0
105 56.00000000000001 57 56 57.000000000000014 84 105 84 House 0
121 38.000000000000014 75 38.000000000000014 75 67.00000000000001 121 67.00000000000003 House 0
150 115.00000000000001 101 115 101.00000000000001 144 150 144 House 0
200 48.00000000000003 169 48.000000000000014 169 79.00000000000003 200 79.00000000000003 House 0
217 61.00000000000003 180 61.00000000000003 180 88.00000000000003 217 88.00000000000003 House 0
283 105.00000000000003 238 105.00000000000003 238 134.00000000000006 283 134.00000000000006 House 0
569 552 521 552 521 584 569 584 House 0
516 515 481.0000000000001 515 481.0000000000001 555 516 555 House 0
398.0000000000001 465 359.0000000000001 465 359.0000000000001 501 398.0000000000001 501 House 0
369.0000000000001 596 317.0000000000001 596 317.0000000000001 628 369.0000000000001 628 House 0
519 592 475.0000000000001 592 475.0000000000001 631 519 631 House 0
214.00000000000006 348 160.00000000000006 348 160.00000000000006 378 214.00000000000006 378 House 0