198.00000000000006 226 116.00000000000003 226 116.00000000000003 301 198.00000000000006 301 TennisCourt 0
248.00000000000006 208.00000000000006 169 208 169.00000000000003 284 248.00000000000006 284 TennisCourt 0
302 191 219 191 219.00000000000003 266 302 266 TennisCourt 0
348 179.00000000000006 274 179.00000000000006 274 251.00000000000006 348 251.00000000000006 TennisCourt 0
399 115.00000000000003 327 115.00000000000003 327 192.00000000000006 399 192.00000000000006 TennisCourt 0
455 97.00000000000006 376 97.00000000000006 376 172.00000000000006 455 172.00000000000006 TennisCourt 0
355.00000000000006 421 275 421 275.00000000000006 498 355.0000000000001 498 TennisCourt 0
409.00000000000006 405 327 405 327 477 409.0000000000001 477 TennisCourt 0
460 384 382 384 382 463 460 463 TennisCourt 0
464.0000000000001 504 381.0000000000001 504 381.0000000000001 583 464.0000000000001 583 TennisCourt 0
523 487 443.0000000000001 487 443.0000000000001 561 523 561 TennisCourt 0