66.00000000000007 425 27.00000000000005 425 27.00000000000006 584 66.00000000000009 584 TennisCourt 0
100.00000000000006 412 64.00000000000006 412 64.00000000000006 569 100.00000000000006 569 TennisCourt 0
135.00000000000006 410 96.00000000000006 410 96.00000000000006 557 135.00000000000006 557 TennisCourt 0
168.00000000000006 391 131.00000000000006 391 131.00000000000006 553 168.00000000000006 553 TennisCourt 0
203.00000000000006 377 166.00000000000006 377 166.00000000000006 544 203.00000000000006 544 TennisCourt 0
237.00000000000006 370 197.00000000000006 370 197.00000000000006 524 237.00000000000006 524 TennisCourt 0
271.00000000000006 361 231.00000000000006 361 231.00000000000006 525 271.0000000000001 525 TennisCourt 0
303.00000000000006 350 265 350 265.00000000000006 510 303.0000000000001 510 TennisCourt 0
338.00000000000006 334 297 334 297.00000000000006 497 338.0000000000001 497 TennisCourt 0
371.0000000000001 330 333 330 333.00000000000006 487 371.0000000000001 487 TennisCourt 0
404.00000000000006 319 364 319 364.00000000000006 471 404.0000000000001 471 TennisCourt 0
437 308 397 308 397 464 437 464 TennisCourt 0
472 295.00000000000006 431 295 431 451.0000000000001 472 451.0000000000001 TennisCourt 0
504 286.0000000000001 465 286.0000000000001 465 437.0000000000001 504 437.0000000000001 TennisCourt 0
538 275.0000000000001 500 275.0000000000001 500 429.0000000000001 538 429.0000000000001 TennisCourt 0
575 266.0000000000001 531 266.0000000000001 531 425.0000000000001 575 425.0000000000001 TennisCourt 0
565 120.00000000000006 511 120.00000000000006 511 228.00000000000006 565 228.00000000000006 House 0
518 589 445.0000000000001 589 445.0000000000001 639 518 639 House 0
585 560 532 560 532 640 585 640 House 0
640 47.000000000000085 600 47.00000000000007 600 128.00000000000006 640 128.00000000000006 House 0
640 3.0000000000000773 616 3.0000000000000755 616 37.00000000000008 640 37.000000000000085 House 0
640 135.00000000000006 628 135.00000000000006 628 220.00000000000006 640 220.00000000000006 House 0