274 131.00000000000006 233 131.00000000000006 233 177.00000000000006 274 177.00000000000006 TennisCourt 0
325 130.00000000000006 278 130.00000000000006 278 174.00000000000006 325 174.00000000000006 TennisCourt 0
376 125.00000000000003 328 125.00000000000003 328 171.00000000000006 376 171.00000000000006 TennisCourt 0
440 120.00000000000006 394 120.00000000000006 394 164.00000000000006 440 164.00000000000006 TennisCourt 0
489 115.00000000000006 444 115.00000000000006 444 162.00000000000006 489 162.00000000000006 TennisCourt 0
537 113.00000000000006 490 113.00000000000006 490 158.00000000000006 537 158.00000000000006 TennisCourt 0
288 196.00000000000006 243 196.00000000000006 243.00000000000006 244.00000000000006 288 244.00000000000006 TennisCourt 0
339 191.00000000000006 293 191.00000000000006 293 239.00000000000006 339 239.00000000000006 TennisCourt 0
399 187.00000000000006 356 187.00000000000006 356 236.00000000000006 399 236.00000000000006 TennisCourt 0
450 186.00000000000006 405 186.00000000000006 405 231.00000000000006 450 231.00000000000006 TennisCourt 0
497 184.00000000000006 453 184.00000000000006 453 226.00000000000006 497 226.00000000000006 TennisCourt 0
139.00000000000006 274 100.00000000000003 274 100.00000000000003 325 139.00000000000006 325 TennisCourt 0
191.00000000000006 274 147.00000000000006 274 147.00000000000006 321 191.00000000000006 321 TennisCourt 0
238.00000000000006 271 197.00000000000006 271 197.00000000000006 315 238.00000000000006 315 TennisCourt 0
307 263 264 263 264 316 307 316 TennisCourt 0
370 258 326 258 326 306 370 306 TennisCourt 0
419 254.00000000000006 373 254.00000000000006 373 300 419 300 TennisCourt 0
466 250.00000000000006 426 250.00000000000006 426 299.00000000000006 466 299.0000000000001 TennisCourt 0
387 325 343 325 343 369 387 369 TennisCourt 0
439 317 391 317 391 370 439 370 TennisCourt 0
372 391 327 391 327 438 372 438 TennisCourt 0
419 387 379 387 379 433 419 433 TennisCourt 0
154.00000000000006 342 114.00000000000003 342 114.00000000000004 392 154.00000000000006 392 TennisCourt 0
203.00000000000006 340 158.00000000000006 340 158.00000000000006 388 203.00000000000006 388 TennisCourt 0
249.00000000000006 335 209.00000000000006 335 209.00000000000006 383 249.00000000000006 383 TennisCourt 0
192.00000000000006 410 151.00000000000006 410 151.00000000000006 457 192.00000000000006 457 TennisCourt 0
242.00000000000006 407 201.00000000000006 407 201.00000000000006 454 242.00000000000006 454 TennisCourt 0
294 402 248.00000000000006 402 248.00000000000006 452 294 452 TennisCourt 0
116.00000000000003 156 68.00000000000003 156 68.00000000000003 187 116.00000000000003 187 House 0
158 155 122.00000000000003 155 122.00000000000003 181 158 181 House 0
173.00000000000006 213 117.00000000000003 213 117.00000000000003 247 173.00000000000006 247 House 0
32.00000000000003 202 1.0000000000000249 202 1.0000000000000264 230 32.00000000000003 230 House 0
28.00000000000003 231 2.828934106030386e-14 231 2.9758917219280685e-14 255 28.00000000000003 255 House 0
61.00000000000003 207 32.00000000000003 207 32.00000000000003 234 61.00000000000003 234 House 0
63.00000000000003 258 3.159588741800171e-14 258 3.3249160596850643e-14 285 63.00000000000003 285 House 0
55.00000000000004 308 1.0000000000000377 308 1.0000000000000422 379 55.00000000000004 379 House 0
29.00000000000005 384 2.000000000000047 384 2.000000000000049 415 29.00000000000005 415 House 0
80.00000000000006 412 5.045544812487095e-14 412 5.419062086227038e-14 473 80.00000000000006 473 House 0
93 63.00000000000001 53.000000000000014 63 53.000000000000014 88 93 88 House 0
101 40.00000000000001 53 40 53.00000000000001 62.000000000000014 101 62.000000000000014 House 0
140 38.000000000000014 101 38.000000000000014 101 63.000000000000014 140 63.000000000000014 House 0
181 36.00000000000002 139 36.000000000000014 139 84.00000000000003 181 84.00000000000003 House 0
142 65.00000000000001 96 65 96 88 142 88.00000000000003 House 0
95.00000000000003 124 61.000000000000014 124 61.000000000000014 148 95.00000000000003 148 House 0
100.00000000000001 102 59.000000000000014 102 59.000000000000014 122 100.00000000000003 122 House 0
148 121.00000000000001 102.00000000000003 121 102.00000000000003 150 148 150 House 0
150 96.00000000000001 106 96 106.00000000000001 122.00000000000001 150 122.00000000000003 House 0
188 95.00000000000003 151 95.00000000000003 151 151 188 151 House 0
41.000000000000014 69 2.000000000000009 69 2.00000000000001 95 41.000000000000014 95 House 0
257 25.00000000000003 217 25.00000000000003 217 56.00000000000003 257 56.00000000000003 House 0
265 77.00000000000003 220 77.00000000000003 220 100.00000000000003 265 100.00000000000003 House 0
268 51.00000000000003 220 51.00000000000003 220 78.00000000000003 268 78.00000000000003 House 0
316 39.000000000000036 273 39.00000000000003 273 67.00000000000003 316 67.00000000000003 House 0
321 14.000000000000037 278 14.000000000000036 278 41.00000000000003 321 41.00000000000004 House 0
355 66.00000000000004 280 66.00000000000003 280 97.00000000000004 355 97.00000000000006 House 0
361 42.00000000000004 311 42.00000000000004 311 69.00000000000004 361 69.00000000000006 House 0
352 18.000000000000043 320 18.000000000000043 320 42.00000000000004 352 42.00000000000004 House 0
403 14.000000000000046 356 14.000000000000043 356 37.00000000000004 403 37.00000000000004 House 0
425 65.00000000000006 371 65.00000000000006 371 91.00000000000006 425 91.00000000000006 House 0
413 40.00000000000006 369 40.00000000000004 369 67.00000000000006 413 67.00000000000006 House 0
499 37.00000000000006 446 37.00000000000006 446 93.00000000000006 499 93.00000000000006 House 0
509 2.00000000000006 471 2.0000000000000577 471 29.00000000000006 509 29.000000000000064 House 0
539 40.000000000000064 507 40.00000000000006 507 63.00000000000006 539 63.00000000000007 House 0
575 66.00000000000006 527 66.00000000000006 527 86.00000000000006 575 86.00000000000006 House 0
574 42.00000000000007 541 42.00000000000007 541 63.00000000000007 574 63.00000000000007 House 0