17.000000000000046 327 4.0045950332118457e-14 327 4.353619370968841e-14 384 17.00000000000005 384 House 0
43.00000000000005 384 5.000000000000046 384 5.0000000000000515 445 43.00000000000006 445 House 0
49.00000000000004 340 23.000000000000043 340 23.000000000000046 382 49.00000000000004 382 House 0
120.00000000000006 364 67.00000000000006 364 67.00000000000006 427 120.00000000000006 427 House 0
165.00000000000006 383 134.00000000000006 383 134.00000000000006 445 165.00000000000006 445 House 0
226.00000000000006 433 167.00000000000006 433 167.00000000000006 518 226.00000000000006 518 House 0
267.0000000000001 475 226.00000000000006 475 226.00000000000006 570 267.0000000000001 570 House 0
369.0000000000001 532 321.0000000000001 532 321.0000000000001 624 369.0000000000001 624 House 0
329.0000000000001 505 270.0000000000001 505 270.0000000000001 585 329.0000000000001 585 House 0
420.0000000000001 585 379.0000000000001 585 379.0000000000001 640 420.0000000000001 640 House 0
83.00000000000009 548 24.000000000000064 548 24.00000000000007 640 83.00000000000009 640 House 0