638 123.00000000000009 546 123.00000000000006 546 187.00000000000006 638 187.00000000000006 House 0
591 175.00000000000006 518 175.00000000000006 518 216.00000000000006 591 216.00000000000006 House 0
556 205.00000000000006 474 205.00000000000006 474 252.00000000000006 556 252.00000000000006 House 0
530 245.00000000000006 454 245.00000000000006 454 291.00000000000006 530 291.0000000000001 House 0
496 278.00000000000006 409 278 409 324.00000000000006 496 324.0000000000001 House 0
629 304.0000000000001 565 304.0000000000001 565 346.0000000000001 629 346.0000000000001 House 0
588 330.0000000000001 529 330.0000000000001 529 372.0000000000001 588 372.0000000000001 House 0
464 318 389 318 389 364 464 364 House 0
557 358.0000000000001 479 358.0000000000001 479 407.0000000000001 557 407.0000000000001 House 0
452 353 357 353 357 397 452 397 House 0
398 382 324 382 324 434 398 434 House 0
361.0000000000001 413 289 413 289.00000000000006 465 361.0000000000001 465 House 0
338.00000000000006 455 254.00000000000006 455 254.00000000000006 501 338.0000000000001 501 House 0
528 399.0000000000001 468 399.0000000000001 468 439.0000000000001 528 439.0000000000001 House 0
510.00000000000006 432 441 432 441.0000000000001 471.0000000000001 510.0000000000001 471.0000000000001 House 0
482 464.00000000000006 406 464 406.0000000000001 509.00000000000006 482.0000000000001 509.0000000000001 House 0
453.0000000000001 504 380.0000000000001 504 380.0000000000001 548 453.0000000000001 548 House 0
420.0000000000001 534 353.0000000000001 534 353.0000000000001 579 420.0000000000001 579 House 0
281.0000000000001 486 198.00000000000006 486 198.00000000000006 534 281.0000000000001 534 House 0
304.0000000000001 536 220.00000000000006 536 220.00000000000006 585 304.0000000000001 585 House 0