239 68.00000000000003 130 68.00000000000003 130 173.00000000000006 239 173.00000000000006 TennisCourt 0
298 48.000000000000036 195 48.00000000000003 195 146.00000000000003 298 146.00000000000006 TennisCourt 0
297 182.00000000000003 198 182 198.00000000000006 275 297 275 TennisCourt 0
364 160.00000000000006 263 160.00000000000006 263 258 364 258 TennisCourt 0
517 5.468047958192932e-14 376 4.604671964794048e-14 376 54.00000000000005 517 54.00000000000006 House 0
578 52.000000000000064 412 52.00000000000006 412 142.00000000000006 578 142.00000000000006 House 0
640 106.00000000000007 516 106.00000000000006 516 180.00000000000006 640 180.00000000000006 House 0
588 127.00000000000009 585 127.00000000000009 585 128.00000000000006 588 128.00000000000006 House 0
362 293 255.00000000000006 293 255.00000000000006 386 362 386 TennisCourt 0
428 276 324 276 324 371 428 371 TennisCourt 0
429.00000000000006 408 325 408 325.00000000000006 502 429.0000000000001 502 TennisCourt 0
496.0000000000001 381.0000000000001 393 381 393.00000000000006 487 496.0000000000001 487.0000000000001 TennisCourt 0
497.0000000000001 516 400.0000000000001 516 400.0000000000001 618 497.0000000000001 618 TennisCourt 0
568 500.00000000000006 461.0000000000001 500 461.0000000000001 595 568 595 TennisCourt 0