83.00000000000009 615 45.00000000000007 615 45.00000000000008 640 83.00000000000009 640 House 0
95.00000000000007 541 57.00000000000007 541 57.00000000000007 601 95.00000000000009 601 House 0
95.00000000000006 470 49.00000000000006 470 49.000000000000064 528 95.00000000000006 528 House 0
130.00000000000006 440 91.00000000000006 440 91.00000000000006 501 130.00000000000006 501 House 0
169.00000000000006 410 132.00000000000006 410 132.00000000000006 474 169.00000000000006 474 House 0
212.00000000000006 414 169.00000000000006 414 169.00000000000006 487 212.00000000000006 487 House 0
288.00000000000006 416 250.00000000000006 416 250.00000000000006 492 288.0000000000001 492 House 0
309.0000000000001 490 282.0000000000001 490 282.0000000000001 537 309.0000000000001 537 House 0
174.00000000000006 593 137.00000000000006 593 137.00000000000006 640 174.00000000000006 640 House 0
205.00000000000006 533 166.00000000000006 533 166.00000000000006 590 205.00000000000006 590 House 0
354.0000000000001 479 313.0000000000001 479 313.0000000000001 556 354.0000000000001 556 House 0
456.0000000000001 542 396.0000000000001 542 396.0000000000001 640 456.0000000000001 640 House 0