464 144.00000000000006 333 144.00000000000006 333 233.00000000000006 464 233.00000000000006 House 0
346 197.00000000000006 248 197.00000000000006 248.00000000000006 249.00000000000006 346 249.00000000000006 House 0
282 232.00000000000003 178 232 178.00000000000006 291 282 291 House 0
184.00000000000006 243 118.00000000000003 243 118.00000000000003 290 184.00000000000006 290 House 0
333 305 249.00000000000006 305 249.00000000000006 342 333 342 House 0
325 347 257 347 257 390 325 390 House 0
316.0000000000001 486 237.00000000000006 486 237.00000000000006 531 316.0000000000001 531 House 0
116.00000000000006 465 38.00000000000006 465 38.00000000000006 512 116.00000000000006 512 House 0
136.00000000000006 527 73.00000000000006 527 73.00000000000006 567 136.00000000000006 567 House 0
143.00000000000006 578 83.00000000000006 578 83.00000000000009 625 143.00000000000006 625 House 0
364.0000000000001 618 300.0000000000001 618 300.0000000000001 640 364.0000000000001 640 House 0