192.00000000000003 230 62.00000000000003 230 62.000000000000036 389 192.00000000000006 389 TennisCourt 0
263 188.00000000000006 136 188 136.00000000000003 348 263 348 TennisCourt 0
296.00000000000006 420 168.00000000000006 420 168.00000000000006 590 296.0000000000001 590 TennisCourt 0
366.0000000000001 380 237.00000000000006 380 237.00000000000006 553 366.0000000000001 553 TennisCourt 0
493.00000000000006 399.00000000000006 368 399 368.00000000000006 565 493.0000000000001 565 TennisCourt 0
570 353.00000000000006 434 353 434.00000000000006 519 570 519 TennisCourt 0
353 2.000000000000027 86 2.0000000000000107 86 97.00000000000003 353 97.00000000000006 House 0
81.00000000000001 33.00000000000001 4.0413344371862654e-15 33 1.3226185430791415e-14 183 81.00000000000003 183 House 0
555 11.000000000000059 414 11.00000000000005 414 133.00000000000006 555 133.00000000000006 House 0
625 121.00000000000007 470 121.00000000000006 470 230.00000000000006 625 230.00000000000006 House 0
640 281.0000000000001 585 281.0000000000001 585 386.0000000000001 640 386.0000000000001 House 0