424 178.00000000000006 379 178.00000000000006 379 250.00000000000006 424 250.00000000000006 TennisCourt 0
449 199.00000000000006 406 199.00000000000006 406 274 449 274 TennisCourt 0
476 223.00000000000006 427 223.00000000000006 427 298.00000000000006 476 298.0000000000001 TennisCourt 0
500 248.00000000000006 455 248.00000000000006 455 321.0000000000001 500 321.0000000000001 TennisCourt 0
58 11.000000000000005 29 11.000000000000004 29.000000000000004 56 58 56 House 0
43.00000000000001 55 21.000000000000007 55 21.00000000000001 97 43.000000000000014 97 House 0
39.000000000000014 103 17.000000000000014 103 17.000000000000018 147 39.000000000000014 147 House 0
31.00000000000002 148 10.000000000000018 148 10.00000000000002 186 31.00000000000002 186 House 0
27.000000000000025 191 2.3390753863714445e-14 191 2.5778815122051787e-14 230 27.00000000000003 230 House 0
118 43.000000000000014 93 43.000000000000014 93 82.00000000000001 118 82.00000000000003 House 0
110.00000000000001 78 87 78 87.00000000000001 122 110.00000000000003 122 House 0
105.00000000000003 122 83.00000000000003 122 83.00000000000003 163 105.00000000000003 163 House 0
98.00000000000003 167 79.00000000000003 167 79.00000000000003 211 98.00000000000003 211 House 0
91.00000000000003 210 71.00000000000003 210 71.00000000000003 254 91.00000000000003 254 House 0
19.000000000000032 238 2.914659381970701e-14 238 3.1963281457745924e-14 284 19.000000000000036 284 House 0
10.000000000000037 284 3.477996909578483e-14 284 3.6984333334250065e-14 320 10.000000000000039 320 House 0
87.00000000000003 257 61.00000000000003 257 61.00000000000003 300 87.00000000000003 300 House 0
81.00000000000003 301 55.00000000000004 301 55.00000000000004 345 81.00000000000003 345 House 0
72.00000000000004 345 47.00000000000004 345 47.00000000000004 391 72.00000000000006 391 House 0
27.000000000000057 399 4.88634072859794e-14 399 5.1802559603933043e-14 447 27.000000000000057 447 House 0
59.00000000000006 421 29.00000000000005 421 29.000000000000053 457 59.00000000000006 457 House 0
31.000000000000064 498 6.098741059753819e-14 498 6.392656291549184e-14 546 31.000000000000064 546 House 0
79.00000000000006 522 36.00000000000006 522 36.000000000000064 556 79.00000000000006 556 House 0
17.000000000000078 610 7.470345474798854e-14 610 7.654042494670957e-14 640 17.000000000000078 640 House 0
57.000000000000085 610 26.000000000000078 610 26.000000000000078 640 57.000000000000085 640 House 0
105.00000000000006 525 76.00000000000006 525 76.00000000000006 567 105.00000000000006 567 House 0
138.00000000000006 540 107.00000000000006 540 107.00000000000006 587 138.00000000000006 587 House 0
169.00000000000006 550 143.00000000000006 550 143.00000000000006 620 169.00000000000006 620 House 0
202.00000000000006 556 174.00000000000006 556 174.00000000000006 602 202.00000000000006 602 House 0
233.00000000000006 568 202.00000000000006 568 202.00000000000006 612 233.00000000000006 612 House 0
262.0000000000001 580 229.00000000000006 580 229.00000000000006 640 262.0000000000001 640 House 0
300.0000000000001 589 266.0000000000001 589 266.0000000000001 635 300.0000000000001 635 House 0
340.0000000000001 607 299.0000000000001 607 299.0000000000001 640 340.0000000000001 640 House 0
376.0000000000001 616 346.0000000000001 616 346.0000000000001 640 376.0000000000001 640 House 0
564 489.0000000000001 513 489.0000000000001 513 546 564 546 House 0
567 552 526 552 526 596 567 596 House 0
557 607 514 607 514 640 557 640 House 0
640 590 591 590 591 640 640 640 House 0
640 576 624 576 624 616 640 616 House 0
581 441.0000000000001 548 441.0000000000001 548 484.0000000000001 581 484.0000000000001 House 0
606 401.0000000000001 574 401.0000000000001 574 450.0000000000001 606 450.0000000000001 House 0
631 364.0000000000001 597 364.0000000000001 597 408.0000000000001 631 408.0000000000001 House 0
629 212.00000000000006 590 212.00000000000006 590 259.0000000000001 629 259.0000000000001 House 0
601 177.00000000000006 558 177.00000000000006 558 225.00000000000006 601 225.00000000000006 House 0
564 152.00000000000006 528 152.00000000000006 528 200.00000000000006 564 200.00000000000006 House 0
536 119.00000000000006 497 119.00000000000006 497 171.00000000000006 536 171.00000000000006 House 0
503 85.00000000000006 475 85.00000000000006 475 141.00000000000006 503 141.00000000000006 House 0
640 66.00000000000009 628 66.00000000000009 628 104.00000000000009 640 104.00000000000009 House 0
595 69.00000000000007 559 69.00000000000006 559 111.00000000000007 595 111.00000000000009 House 0
562 48.00000000000007 529 48.00000000000007 529 104.00000000000006 562 104.00000000000006 House 0
533 15.000000000000062 498 15.00000000000006 498 57.000000000000064 533 57.00000000000007 House 0
474 65.00000000000006 439 65.00000000000006 439 107.00000000000006 474 107.00000000000006 House 0
442 35.00000000000006 407 35.00000000000006 407 72.00000000000006 442 72.00000000000006 House 0
421 7.000000000000048 380 7.000000000000046 380 53.00000000000005 421 53.00000000000006 House 0
504 1.0000000000000597 470 1.0000000000000577 470 40.00000000000006 504 40.00000000000006 House 0