37.000000000000014 63 7.715274834628325e-15 63 8.756224613903576e-15 80 37.000000000000014 80 House 0
110 77 9.00000000000001 77 9.000000000000012 111 110 111 House 0
131 149 19.00000000000002 149 19.00000000000002 194 131 194 House 0
88.00000000000003 222 2.718715894107124e-14 222 2.994261423915278e-14 267 88.00000000000003 267 House 0
179.00000000000003 223 110.00000000000003 223 110.00000000000003 248 179.00000000000006 248 House 0
88.00000000000003 280 36.00000000000003 280 36.000000000000036 303 88.00000000000003 303 House 0
254.00000000000006 298 176.00000000000006 298 176.00000000000006 324 254.00000000000006 324 House 0
114.00000000000004 342 61.00000000000004 342 61.00000000000004 361 114.00000000000006 361 House 0
169.00000000000006 323 121.00000000000003 323 121.00000000000003 336 169.00000000000006 336 House 0
248.00000000000006 328 157.00000000000006 328 157.00000000000006 359 248.00000000000006 359 House 0
208.00000000000006 384 114.00000000000006 384 114.00000000000006 428 208.00000000000006 428 House 0
206.00000000000006 362 138.00000000000006 362 138.00000000000006 382 206.00000000000006 382 House 0
84.00000000000006 388 39.00000000000004 388 39.00000000000005 409 84.00000000000006 409 House 0
140.00000000000006 458 50.00000000000006 458 50.00000000000006 503 140.00000000000006 503 House 0