46.00000000000003 241 14.000000000000028 241 14.00000000000003 257 46.00000000000003 257 House 0
35.00000000000003 223 3.0000000000000275 223 3.0000000000000284 238 35.00000000000003 238 House 0
31.00000000000002 200 1.0000000000000244 200 1.0000000000000258 221 31.00000000000003 221 House 0
75.00000000000003 280 23.000000000000036 280 23.000000000000036 313 75.00000000000003 313 House 0
81.00000000000003 321 46.00000000000004 321 46.00000000000004 338 81.00000000000003 338 House 0
106.00000000000006 349 50.00000000000004 349 50.00000000000004 377 106.00000000000006 377 House 0
151.00000000000006 406 116.00000000000006 406 116.00000000000006 438 151.00000000000006 438 House 0
225.00000000000006 515 199.00000000000006 515 199.00000000000006 539 225.00000000000006 539 House 0
256.0000000000001 549 213.00000000000006 549 213.00000000000006 572 256.0000000000001 572 House 0
94.00000000000007 576 24.00000000000007 576 24.00000000000007 603 94.00000000000009 603 House 0
340.0000000000001 618 290.0000000000001 618 290.0000000000001 640 340.0000000000001 640 House 0