157.00000000000006 255 132.00000000000006 255 132.00000000000006 308 157.00000000000006 308 House 0
225.00000000000006 346 169.00000000000006 346 169.00000000000006 399 225.00000000000006 399 House 0
115.00000000000006 426 71.00000000000006 426 71.00000000000006 474 115.00000000000006 474 House 0
122.00000000000006 557 97.00000000000006 557 97.00000000000006 634 122.00000000000009 634 House 0
323 376 292 376 292 423 323 423 House 0
394 294 362 294 362 352 394 352 House 0
472 300.00000000000006 425 300 425 382 472 382.0000000000001 House 0
446.0000000000001 431 400 431 400.00000000000006 500 446.0000000000001 500 House 0
217.00000000000006 533 187.00000000000006 533 187.00000000000006 588 217.00000000000006 588 House 0
307.0000000000001 569 274.0000000000001 569 274.0000000000001 621 307.0000000000001 621 House 0
435.0000000000001 510 387.0000000000001 510 387.0000000000001 587 435.0000000000001 587 House 0