165.00000000000003 108 100 108 100.00000000000001 259 165.00000000000006 259 TennisCourt 0
251 111.00000000000003 180 111.00000000000003 180.00000000000003 262 251.00000000000006 262 TennisCourt 0
368 117.00000000000004 299 117.00000000000003 299 266 368 266 TennisCourt 0
459 116.00000000000006 382 116.00000000000006 382 268 459 268 TennisCourt 0
542 120.00000000000006 471 120.00000000000006 471 269.0000000000001 542 269.0000000000001 TennisCourt 0
167.00000000000006 326 97.00000000000003 326 97.00000000000004 476 167.00000000000006 476 TennisCourt 0
248.00000000000006 328 179.00000000000006 328 179.00000000000006 479 248.00000000000006 479 TennisCourt 0
331.0000000000001 331 260 331 260.00000000000006 484 331.0000000000001 484 TennisCourt 0
412 332 341 332 341.0000000000001 486 412.0000000000001 486 TennisCourt 0
492 333.00000000000006 419 333 419.00000000000006 490.00000000000006 492.0000000000001 490.0000000000001 TennisCourt 0
571 338.0000000000001 501 338.0000000000001 501.0000000000001 492.0000000000001 571 492.0000000000001 TennisCourt 0