411 22.000000000000046 362 22.000000000000043 362 117.00000000000006 411 117.00000000000006 House 0
112.00000000000001 73 27.000000000000007 73 27.00000000000002 220 112.00000000000003 220 TennisCourt 0
142.00000000000003 144 55.000000000000014 144 55.000000000000014 285 142.00000000000006 285 TennisCourt 0
173.00000000000006 202 86.00000000000003 202 86.00000000000006 360 173.00000000000006 360 TennisCourt 0
234.00000000000006 310 149.00000000000006 310 149.00000000000006 455 234.00000000000006 455 TennisCourt 0
260.00000000000006 374 177.00000000000006 374 177.00000000000006 523 260.0000000000001 523 TennisCourt 0
293.00000000000006 443 204.00000000000006 443 204.00000000000006 592 293.0000000000001 592 TennisCourt 0
326 177.00000000000006 239 177.00000000000006 239.00000000000003 326 326 326 TennisCourt 0
354 237.00000000000006 266 237.00000000000006 266 386 354 386 TennisCourt 0
388 314 296 314 296 464 388 464 TennisCourt 0
275 2.8595502760090695e-14 192 2.351321854362918e-14 192 95.00000000000003 275 95.00000000000003 TennisCourt 0
293 11.00000000000003 209 11.000000000000025 209 151.00000000000003 293 151.00000000000006 TennisCourt 0