148.00000000000006 455 36.00000000000006 455 36.000000000000064 560 148.00000000000006 560 TennisCourt 0
195.00000000000006 389 83.00000000000006 389 83.00000000000006 493 195.00000000000006 493 TennisCourt 0
256.0000000000001 489 155.00000000000006 489 155.00000000000006 601 256.0000000000001 601 TennisCourt 0
243.00000000000006 289 162.00000000000006 289 162.00000000000006 405 243.00000000000006 405 TennisCourt 0
314 267 237.00000000000006 267 237.00000000000006 383 314 383 TennisCourt 0
377 202.00000000000006 292 202.00000000000006 292 318 377 318 TennisCourt 0
445 178.00000000000006 367 178.00000000000006 367 298 445 298 TennisCourt 0
510 122.00000000000006 433 122.00000000000006 433 246.00000000000006 510 246.00000000000006 TennisCourt 0
105.00000000000001 110 21.000000000000014 110 21.00000000000002 204 105.00000000000003 204 House 0
41.00000000000003 197 2.4125541943202862e-14 197 2.773825000068755e-14 256 41.00000000000003 256 House 0
93 7.000000000000006 13 7.000000000000002 13.000000000000005 95 93 95 House 0
329 3.269806953723433e-14 205 2.510525938252074e-14 205 72.00000000000003 329 72.00000000000003 House 0