75 4.592425496802574e-15 0 0 6.000769315822031e-15 98 75 98 House 0
169 1.0000000000000158 88 1.0000000000000107 88 141 169 141 House 0
207 32.00000000000002 147 32.000000000000014 147 166 207 166 House 0
258 53.00000000000003 182 53.00000000000003 182 194.00000000000003 258 194.00000000000006 House 0
324 81.00000000000003 252 81.00000000000003 252.00000000000003 242.00000000000006 324 242.00000000000006 House 0
382 110.00000000000003 302 110.00000000000003 302 270 382 270 House 0
414 148.00000000000006 355 148.00000000000006 355 286 414 286 House 0
453 166.00000000000006 390 166.00000000000006 390 308 453 308 House 0
483 183.00000000000006 426 183.00000000000006 426 327 483 327.0000000000001 House 0
526 203.00000000000006 447 203.00000000000006 447 349.00000000000006 526 349.0000000000001 House 0
394 4.3107567329986835e-14 310 3.7964050773567946e-14 310 85.00000000000003 394 85.00000000000006 House 0
499 5.5292802981502995e-14 404 4.9475730685553076e-14 404 125.00000000000006 499 125.00000000000006 House 0
596 1.0000000000000675 509 1.0000000000000622 509 176.00000000000006 596 176.00000000000006 House 0
640 140.00000000000006 576 140.00000000000006 576 229.00000000000006 640 229.00000000000006 House 0
640 102.00000000000009 590 102.00000000000009 590 170.00000000000006 640 170.00000000000006 House 0
640 61.00000000000008 600 61.00000000000007 600 126.00000000000009 640 126.00000000000009 House 0
561 224.00000000000006 503 224.00000000000006 503 359.0000000000001 561 359.0000000000001 House 0
586 243.00000000000006 531 243.00000000000006 531 372.0000000000001 586 372.0000000000001 House 0
603 261.0000000000001 554 261.0000000000001 554 386.0000000000001 603 386.0000000000001 House 0
634 267.0000000000001 584 267.0000000000001 584 402.0000000000001 634 402.0000000000001 House 0