442 4.371989072956051e-14 272 3.3310392936808004e-14 272 74.00000000000004 442 74.00000000000006 House 0
477 44.00000000000005 323 44.00000000000004 323 103.00000000000004 477 103.00000000000006 House 0
482 79.00000000000004 344 79.00000000000003 344 127.00000000000004 482 127.00000000000006 House 0
526 101.00000000000006 363 101.00000000000006 363 186.00000000000006 526 186.00000000000006 House 0
559 163.00000000000006 414 163.00000000000006 414 231.00000000000006 559 231.00000000000006 House 0
580 201.00000000000006 425 201.00000000000006 425 269.00000000000006 580 269.0000000000001 House 0
640 26.00000000000007 529 26.000000000000064 529 119.00000000000007 640 119.00000000000009 House 0
604 234.00000000000006 458 234.00000000000006 458 300.00000000000006 604 300.0000000000001 House 0
622 256.0000000000001 478 256.0000000000001 478 340.0000000000001 622 340.0000000000001 House 0
640 296.0000000000001 494 296.0000000000001 494 359.0000000000001 640 359.0000000000001 House 0
640 344.0000000000001 529 344.0000000000001 529 406.0000000000001 640 406.0000000000001 House 0
640 389.0000000000001 567 389.0000000000001 567 447.0000000000001 640 447.0000000000001 House 0
640 416.0000000000001 584 416.0000000000001 584 462.0000000000001 640 462.0000000000001 House 0
640 457.0000000000001 606 457.0000000000001 606 502.0000000000001 640 502.0000000000001 House 0