76 5.4496782562057204e-15 13 1.592040838891559e-15 13.000000000000004 49 76 49.000000000000014 House 0
139 1.3654811810492988e-14 84 1.0287033112837765e-14 84 78.00000000000001 139 78.00000000000003 House 0
179 1.8430934327167665e-14 122 1.494069094959771e-14 122 101.00000000000003 179 101.00000000000003 House 0
219 2.351321854362918e-14 165 2.0206672185931328e-14 165 96.00000000000003 219 96.00000000000003 House 0
268 4.0000000000000275 186 4.000000000000023 186 146.00000000000003 268 146.00000000000006 House 0
329 17.000000000000036 241 17.00000000000003 241 179.00000000000006 329 179.00000000000006 House 0
407 79.00000000000004 315 79.00000000000003 315 222.00000000000006 407 222.00000000000006 House 0
541 122.00000000000006 411 122.00000000000006 411 310.00000000000006 541 310.0000000000001 House 0
510 5.798702593962718e-14 437 5.3517065122739335e-14 437 43.00000000000006 510 43.00000000000006 House 0
580 3.000000000000067 514 3.000000000000063 514 48.00000000000006 580 48.00000000000007 House 0
608 140.00000000000006 541 140.00000000000006 541 310.0000000000001 608 310.0000000000001 House 0
638 135.00000000000006 584 135.00000000000006 584 224.00000000000006 638 224.00000000000006 House 0