121 1.0000000000000124 84 1.0000000000000102 84 49.000000000000014 121 49.000000000000014 House 0
149 1.0000000000000162 115 1.0000000000000142 115 47.000000000000014 149 47.000000000000014 House 0
170 1.9226954746613444e-14 144 1.7634913907721887e-14 144 65.00000000000003 170 65.00000000000003 House 0
202 2.222733940452446e-14 161 1.971681346627239e-14 161 92.00000000000003 202 92.00000000000003 House 0
227 2.5350188742350214e-14 187 2.2900895144055504e-14 187 109.00000000000003 227 109.00000000000003 House 0
261 2.865673510004806e-14 207 2.5350188742350214e-14 207 121.00000000000003 261 121.00000000000003 House 0
307 32.000000000000036 249 32.00000000000003 249 154.00000000000006 307 154.00000000000006 House 0
339 49.00000000000004 284 49.00000000000003 284 179.00000000000006 339 179.00000000000006 House 0
387 84.00000000000004 312 84.00000000000003 312 226.00000000000006 387 226.00000000000006 House 0
454 139.00000000000006 400 139.00000000000006 400 269 454 269 House 0
475 153.00000000000006 429 153.00000000000006 429 287.00000000000006 475 287.0000000000001 House 0
425 4.739383112700257e-14 349 4.274017329024263e-14 349 53.00000000000005 425 53.00000000000006 House 0
513 5.835441997937139e-14 440 5.388445916248354e-14 440 119.00000000000006 513 119.00000000000006 House 0
613 9.00000000000007 534 9.000000000000064 534 103.00000000000009 613 103.00000000000009 House 0
626 2.000000000000072 550 2.0000000000000675 550 46.00000000000007 626 46.00000000000007 House 0
591 69.00000000000007 524 69.00000000000006 524 171.00000000000006 591 171.00000000000006 House 0
640 150.00000000000006 600 150.00000000000006 600 223.00000000000006 640 223.00000000000006 House 0
640 106.00000000000009 599 106.00000000000009 599 162.00000000000006 640 162.00000000000006 House 0
640 55.00000000000008 616 55.00000000000007 616 119.00000000000009 640 119.00000000000009 House 0
503 176.00000000000006 446 176.00000000000006 446 302.00000000000006 503 302.0000000000001 House 0
540 182.00000000000006 471 182.00000000000006 471 333.0000000000001 540 333.0000000000001 House 0
563 224.00000000000006 514 224.00000000000006 514 358.0000000000001 563 358.0000000000001 House 0
586 233.00000000000006 538 233.00000000000006 538 354.0000000000001 586 354.0000000000001 House 0
638 255.00000000000006 569 255.00000000000006 569 398.0000000000001 638 398.0000000000001 House 0