99.00000000000003 180 17.00000000000002 180 17.00000000000003 301 99.00000000000003 301 House 0
93.00000000000004 291 3.0000000000000355 291 3.000000000000039 358 93.00000000000006 358 House 0
78.00000000000004 338 24.000000000000043 338 24.00000000000005 395 78.00000000000006 395 House 0
59.00000000000005 385 11.000000000000046 385 11.00000000000005 431 59.00000000000006 431 House 0
58.00000000000006 413 5.057791280478568e-14 413 5.419062086227038e-14 472 58.00000000000006 472 House 0
48.00000000000006 458 1.000000000000056 458 1.0000000000000588 504 48.00000000000006 504 House 0
33.00000000000007 539 6.600846247404233e-14 539 6.888638245203861e-14 586 33.00000000000007 586 House 0
34.000000000000064 509 6.233452207660028e-14 509 6.472258333493761e-14 548 34.00000000000007 548 House 0
29.000000000000075 590 7.225416114969384e-14 590 7.513208112769013e-14 637 29.000000000000078 637 House 0
176.00000000000006 303 124.00000000000003 303 124.00000000000004 414 176.00000000000006 414 House 0
210.00000000000006 317 151.00000000000006 317 151.00000000000006 435 210.00000000000006 435 House 0
244.00000000000006 344 181.00000000000006 344 181.00000000000006 449 244.00000000000006 449 House 0
271.00000000000006 366 215.00000000000006 366 215.00000000000006 468 271.0000000000001 468 House 0
295.00000000000006 392 248.00000000000006 392 248.00000000000006 481 295.0000000000001 481 House 0
182.00000000000006 428 106.00000000000006 428 106.00000000000006 489 182.00000000000006 489 House 0
170.00000000000006 502 86.00000000000006 502 86.00000000000006 566 170.00000000000006 566 House 0
175.00000000000006 464 97.00000000000006 464 97.00000000000006 527 175.00000000000006 527 House 0
162.00000000000006 544 83.00000000000006 544 83.00000000000009 607 162.00000000000006 607 House 0
145.00000000000006 578 74.00000000000006 578 74.00000000000007 637 145.00000000000006 637 House 0
128.00000000000006 621 58.00000000000007 621 58.00000000000008 640 128.00000000000006 640 House 0
272.0000000000001 475 193.00000000000006 475 193.00000000000006 528 272.0000000000001 528 House 0
258.0000000000001 548 179.00000000000006 548 179.00000000000006 603 258.0000000000001 603 House 0
265.0000000000001 513 186.00000000000006 513 186.00000000000006 562 265.0000000000001 562 House 0
238.00000000000006 583 169.00000000000006 583 169.00000000000006 640 238.00000000000006 640 House 0
362.0000000000001 478 298.0000000000001 478 298.0000000000001 622 362.0000000000001 622 House 0
389.0000000000001 516 342.0000000000001 516 342.0000000000001 586 389.0000000000001 586 House 0
423.0000000000001 544 355.0000000000001 544 355.0000000000001 640 423.0000000000001 640 House 0
440.0000000000001 559 395.0000000000001 559 395.0000000000001 639 440.0000000000001 639 House 0
466.0000000000001 588 426.0000000000001 588 426.0000000000001 640 466.0000000000001 640 House 0