187 1.7206287528020314e-14 94 1.151167991198512e-14 94 92.00000000000001 187 92.00000000000003 House 0
220 67.00000000000003 127 67.00000000000003 127.00000000000001 182 220 182 House 0
242 97.00000000000003 172 97.00000000000003 172 211 242 211.00000000000006 House 0
275 134.00000000000003 205 134 205.00000000000003 266 275 266 House 0
326 163.00000000000006 242 163.00000000000006 242.00000000000003 307 326 307 House 0
344 208.00000000000006 277 208.00000000000006 277 336 344 336 House 0
378 247.00000000000006 307 247.00000000000006 307 376 378 376 House 0
419 282 344 282 344 418 419 418 House 0
443 322 376 322 376 459 443 459 House 0
479.00000000000006 346.0000000000001 416 346 416.0000000000001 487 479.0000000000001 487.0000000000001 House 0
455 89.00000000000006 400 89.00000000000006 400 237.00000000000006 455 237.00000000000006 House 0
493 110.00000000000006 430 110.00000000000006 430 251.00000000000006 493 251.00000000000006 House 0
523 134.00000000000006 466 134.00000000000006 466 270.0000000000001 523 270.0000000000001 House 0
559 157.00000000000006 499 157.00000000000006 499 286.0000000000001 559 286.0000000000001 House 0
590 179.00000000000006 535 179.00000000000006 535 293.0000000000001 590 293.0000000000001 House 0
627 198.00000000000006 564 198.00000000000006 564 341.0000000000001 627 341.0000000000001 House 0
640 219.00000000000006 601 219.00000000000006 601 363.0000000000001 640 363.0000000000001 House 0
511.0000000000001 379.00000000000006 451 379 451.0000000000001 509.00000000000006 511.0000000000001 509.0000000000001 House 0
549 395.0000000000001 484 395.0000000000001 484.00000000000006 537 549 537 House 0