91.00000000000001 65 7.960204194457796e-15 65 1.751244922780715e-14 221 91.00000000000003 221 House 0
130.00000000000003 97.00000000000001 61.000000000000014 97 61.00000000000002 244 130.00000000000006 244 House 0
164.00000000000003 127.00000000000001 102.00000000000003 127 102.00000000000003 257 164.00000000000006 257 House 0
201 147 133 147 133.00000000000003 291 201.00000000000006 291 House 0
244.00000000000003 172.00000000000003 174 172 174.00000000000003 307 244.00000000000006 307 House 0
283 197.00000000000003 213 197 213.00000000000006 324 283 324 House 0
314 207.00000000000006 252 207.00000000000006 252.00000000000003 352 314 352 House 0
354 257 294 257 294 375 354 375 House 0
404 272 339 272 339 390 404 390 House 0
199 2.1615016004950785e-14 154 1.8859560706869238e-14 154 44.00000000000002 199 44.00000000000003 House 0
282 2.0000000000000293 199 2.000000000000024 199 69.00000000000003 282 69.00000000000003 House 0
332 1.0000000000000369 268 1.0000000000000329 268 59.00000000000004 332 59.00000000000004 House 0
494 198.00000000000006 417 198.00000000000006 417 312.00000000000006 494 312.0000000000001 House 0
513 132.00000000000006 437 132.00000000000006 437 221.00000000000006 513 221.00000000000006 House 0
531 79.00000000000006 438 79.00000000000006 438 166.00000000000006 531 166.00000000000006 House 0
546 17.00000000000006 453 17.000000000000057 453 108.00000000000006 546 108.00000000000006 House 0
567 1.000000000000063 465 1.0000000000000568 465 50.000000000000064 567 50.00000000000007 House 0