58 3.5514757175273244e-15 0 0 3.061616997868383e-15 50 58 50 House 0
78 62.000000000000014 7.59281015471359e-15 62 9.429780353434619e-15 92 78 92 House 0
88 86 1.0531962472667237e-14 86 1.2552629691260372e-14 119 88.00000000000003 119 House 0
102.00000000000001 111 1.359357947053562e-14 111 1.6471499448531903e-14 158 102.00000000000003 158 House 0
136 151 1.0000000000000187 151 1.0000000000000215 199 136 199 House 0
145 187 2.2900895144055504e-14 187 2.5533885762222316e-14 230 145 230 House 0
157.00000000000003 221 1.000000000000027 221 1.00000000000003 268 157.00000000000006 268 House 0
190.00000000000006 257 8.000000000000032 257 8.000000000000034 297 190.00000000000006 297 House 0
186.00000000000006 280 20.000000000000036 280 20.00000000000004 328 186.00000000000006 328 House 0
216.00000000000006 314 39.00000000000004 314 39.00000000000004 381 216.00000000000006 381 House 0
236.00000000000006 361 56.00000000000004 361 56.00000000000005 407 236.00000000000006 407 House 0
243.00000000000006 392 79.00000000000006 392 79.00000000000006 429 243.00000000000006 429 House 0
256 420 85.00000000000006 420 85.00000000000006 458 256 458 House 0
272.00000000000006 446 108.00000000000006 446 108.00000000000006 482 272.0000000000001 482 House 0
283.0000000000001 468 117.00000000000006 468 117.00000000000006 511 283.0000000000001 511 House 0
294.0000000000001 495 132.00000000000006 495 132.00000000000006 537 294.0000000000001 537 House 0
315.0000000000001 519 150.00000000000006 519 150.00000000000006 561 315.0000000000001 561 House 0
354.0000000000001 549 154.00000000000006 549 154.00000000000006 624 354.0000000000001 624 House 0
61.00000000000007 519 1.0000000000000635 519 1.000000000000068 591 61.00000000000007 591 House 0