48.00000000000003 168 2.057406622567553e-14 168 2.853427042013333e-14 298 48.00000000000004 298 House 0
74.00000000000003 207 19.00000000000003 207 19.000000000000032 317 74.00000000000003 317 House 0
111.00000000000003 234 48.00000000000003 234 48.000000000000036 347 111.00000000000003 347 House 0
145.00000000000006 262 76.00000000000003 262 76.00000000000004 377 145.00000000000006 377 House 0
171.00000000000006 282 114.00000000000003 282 114.00000000000004 394 171.00000000000006 394 House 0
196.00000000000006 309 142.00000000000006 309 142.00000000000006 412 196.00000000000006 412 House 0
215.00000000000006 326 165.00000000000006 326 165.00000000000006 431 215.00000000000006 431 House 0
245.00000000000006 346 185.00000000000006 346 185.00000000000006 456 245.00000000000006 456 House 0
269.00000000000006 358 210.00000000000006 358 210.00000000000006 478 269.0000000000001 478 House 0
31.000000000000057 406 4.972066004538254e-14 406 5.670114680052245e-14 520 31.000000000000064 520 House 0
59.000000000000064 419 7.0000000000000515 419 7.000000000000057 528 59.00000000000007 528 House 0
86.00000000000006 438 32.00000000000006 438 32.000000000000064 551 86.00000000000006 551 House 0
118.00000000000006 457 54.00000000000006 457 54.000000000000064 569 118.00000000000006 569 House 0
157.00000000000006 480 87.00000000000006 480 87.00000000000006 603 157.00000000000006 603 House 0
178.00000000000006 504 127.00000000000006 504 127.00000000000006 619 178.00000000000006 619 House 0
207.00000000000006 527 151.00000000000006 527 151.00000000000006 639 207.00000000000006 639 House 0
257.0000000000001 566 204.00000000000006 566 204.00000000000006 640 257.0000000000001 640 House 0
306.00000000000006 395 258 395 258.00000000000006 503 306.0000000000001 503 House 0
334.00000000000006 412 284 412 284.00000000000006 521 334.0000000000001 521 House 0
359.00000000000006 425 310 425 310.00000000000006 534 359.0000000000001 534 House 0
384.00000000000006 436 337 436 337 549 384.0000000000001 549 House 0
413.00000000000006 451 357 451 357 564 413.0000000000001 564 House 0
433.0000000000001 471 382.0000000000001 471 382.0000000000001 582 433.0000000000001 582 House 0
460.0000000000001 495 406.0000000000001 495 406.0000000000001 598 460.0000000000001 598 House 0
485.0000000000001 508.00000000000006 438.0000000000001 508 438.0000000000001 612 485.0000000000001 612 House 0
512 525 459.0000000000001 525 459.0000000000001 622 512 622 House 0
536 531 488.0000000000001 531 488.0000000000001 640 536 640 House 0
554 550 510.0000000000001 550 510.0000000000001 640 554 640 House 0
588 563 535 563 535 640 588 640 House 0
638 583 592 583 592 640 638 640 House 0