336.0000000000001 613 303.0000000000001 613 303.0000000000001 640 336.0000000000001 640 House 0
367.0000000000001 591 326.0000000000001 591 326.0000000000001 640 367.0000000000001 640 House 0
396.0000000000001 563 359.0000000000001 563 359.0000000000001 640 396.0000000000001 640 House 0
436.0000000000001 549 377.0000000000001 549 377.0000000000001 638 436.0000000000001 638 House 0
453.0000000000001 512 405.0000000000001 512 405.0000000000001 593 453.0000000000001 593 House 0
474.0000000000001 487 417.0000000000001 487 417.0000000000001 574 474.0000000000001 574 House 0
498.00000000000006 461.0000000000001 446 461 446.0000000000001 548 498.0000000000001 548 House 0
531 415.0000000000001 466 415.0000000000001 466.0000000000001 501.0000000000001 531 501.0000000000001 House 0
469.0000000000001 613 433.0000000000001 613 433.0000000000001 640 469.0000000000001 640 House 0
505.0000000000001 581 460.0000000000001 581 460.0000000000001 640 505.0000000000001 640 House 0
533 559 489.0000000000001 559 489.0000000000001 632 533 632 House 0
557 499.0000000000001 506.0000000000001 499.0000000000001 506.0000000000001 599 557 599 House 0
575 478.0000000000001 526 478.0000000000001 526 553 575 553 House 0
572 346.0000000000001 514 346.0000000000001 514 430.0000000000001 572 430.0000000000001 House 0
617 446.0000000000001 560 446.0000000000001 560 501.0000000000001 617 501.0000000000001 House 0
620 418.0000000000001 565 418.0000000000001 565 459.0000000000001 620 459.0000000000001 House 0
627 363.0000000000001 576 363.0000000000001 576 433.0000000000001 627 433.0000000000001 House 0
617 614 580 614 580 640 617 640 House 0
640 583 600 583 600 639 640 639 House 0
640 552 612 552 612 616 640 616 House 0
600 299.0000000000001 536 299.0000000000001 536 395.0000000000001 600 395.0000000000001 House 0
629 253.00000000000006 571 253.00000000000006 571 353.0000000000001 629 353.0000000000001 House 0
640 231.00000000000006 594 231.00000000000006 594 316.0000000000001 640 316.0000000000001 House 0