57.00000000000004 310 3.7964050773567946e-14 310 4.574055794815364e-14 437 57.00000000000006 437 House 0
96.00000000000006 262 32.00000000000003 262 32.000000000000036 370 96.00000000000006 370 House 0
125.00000000000003 214 61.00000000000003 214 61.00000000000003 304 125.00000000000003 304 House 0
39.000000000000064 464 5.682361148043719e-14 464 6.19058956968987e-14 547 39.00000000000007 547 House 0
90.00000000000006 421 33.00000000000006 421 33.000000000000064 543 90.00000000000006 543 House 0
132.00000000000006 420 89.00000000000006 420 89.00000000000006 549 132.00000000000006 549 House 0
172.00000000000006 431 129.00000000000006 431 129.00000000000006 548 172.00000000000006 548 House 0
213.00000000000006 424 172.00000000000006 424 172.00000000000006 550 213.00000000000006 550 House 0
258.00000000000006 431 216.00000000000006 431 216.00000000000006 540 258.0000000000001 540 House 0
301.00000000000006 427 258 427 258.00000000000006 518 301.0000000000001 518 House 0
360.00000000000006 414 301 414 301.00000000000006 505 360.0000000000001 505 House 0
407.0000000000001 469 337.0000000000001 469 337.0000000000001 560 407.0000000000001 560 House 0
34.00000000000008 592 7.249909050952331e-14 592 7.543824282747695e-14 640 34.000000000000085 640 House 0
65.00000000000009 584 34.00000000000007 584 34.00000000000008 640 65.00000000000009 640 House 0
109.00000000000009 584 69.00000000000009 584 69.00000000000009 640 109.00000000000009 640 House 0
152.00000000000006 587 115.00000000000009 587 115.00000000000009 640 152.00000000000006 640 House 0
202.00000000000006 593 156.00000000000006 593 156.00000000000006 640 202.00000000000006 640 House 0
241.00000000000006 595 208.00000000000006 595 208.00000000000006 640 241.00000000000006 640 House 0
285.0000000000001 600 242.00000000000006 600 242.00000000000006 640 285.0000000000001 640 House 0
342.0000000000001 618 288.0000000000001 618 288.0000000000001 640 342.0000000000001 640 House 0
393.0000000000001 559 341.0000000000001 559 341.0000000000001 640 393.0000000000001 640 House 0
155.00000000000003 142 82.00000000000003 142 82.00000000000003 239 155.00000000000006 239 House 0
279 3.110602869834277e-14 229 2.804441170047439e-14 229 52.00000000000003 279 52.00000000000003 House 0
330 3.655570695454849e-14 267 3.269806953723433e-14 267 74.00000000000003 330 74.00000000000003 House 0
374 4.14542941511379e-14 303 3.71067980141648e-14 303 96.00000000000006 374 96.00000000000006 House 0
409 28.000000000000046 344 28.000000000000043 344 127.00000000000004 409 127.00000000000006 House 0
444 93.00000000000006 377 93.00000000000006 377 170.00000000000006 444 170.00000000000006 House 0
472 128.00000000000006 390 128.00000000000006 390 242.00000000000006 472 242.00000000000006 House 0
487 190.00000000000006 422 190.00000000000006 422 282.00000000000006 487 282.0000000000001 House 0
473 5.498664128171616e-14 425 5.2047488963762514e-14 425 29.000000000000053 473 29.000000000000057 House 0
525 6.031385485800715e-14 460 5.6333752760778244e-14 460 96.00000000000006 525 96.00000000000006 House 0
557 34.000000000000064 494 34.00000000000006 494 130.00000000000006 557 130.00000000000006 House 0
573 97.00000000000006 504 97.00000000000006 504 201.00000000000006 573 201.00000000000006 House 0
605 142.00000000000006 540 142.00000000000006 540 262.0000000000001 605 262.0000000000001 House 0
627 197.00000000000006 558 197.00000000000006 558 307.0000000000001 627 307.0000000000001 House 0
640 252.00000000000006 596 252.00000000000006 596 374.0000000000001 640 374.0000000000001 House 0
520 257.00000000000006 449 257 449 340.00000000000006 520 340.0000000000001 House 0
546 319.0000000000001 472 319.0000000000001 472 394.0000000000001 546 394.0000000000001 House 0
569 344.0000000000001 489 344.0000000000001 489 459.0000000000001 569 459.0000000000001 House 0
600 396.0000000000001 520 396.0000000000001 520 499.0000000000001 600 499.0000000000001 House 0
629 450.0000000000001 543 450.0000000000001 543 558 629 558 House 0
640 504.0000000000001 579 504.0000000000001 579 609 640 609 House 0