40.00000000000004 249 3.0493705298769096e-14 249 4.078073841160686e-14 417 40.00000000000006 417 House 0
79.00000000000004 273 21.000000000000036 273 21.000000000000046 439 79.00000000000006 439 House 0
110.00000000000003 292 55.00000000000004 292 55.00000000000006 459 110.00000000000006 459 House 0
137.00000000000006 310 83.00000000000003 310 83.00000000000004 479 137.00000000000006 479 House 0
165.00000000000006 332 109.00000000000003 332 109.00000000000004 501 165.00000000000006 501 House 0
197.00000000000006 347 140.00000000000006 347 140.00000000000006 525 197.00000000000006 525 House 0
224.00000000000006 397 173.00000000000006 397 173.00000000000006 543 224.00000000000006 543 House 0
258.00000000000006 403 199.00000000000006 403 199.00000000000006 563 258.0000000000001 563 House 0
294.00000000000006 422 230.00000000000006 422 230.00000000000006 595 294.0000000000001 595 House 0
357.0000000000001 475 297.0000000000001 475 297.0000000000001 640 357.0000000000001 640 House 0
58.00000000000008 526 6.441642163515078e-14 526 7.139690839029069e-14 640 58.000000000000085 640 House 0
91.00000000000007 563 49.00000000000007 563 49.00000000000007 640 91.00000000000009 640 House 0
113.00000000000009 577 81.00000000000006 577 81.00000000000007 640 113.00000000000009 640 House 0
387.0000000000001 493 336.0000000000001 493 336.0000000000001 640 387.0000000000001 640 House 0
419.0000000000001 515 367.0000000000001 515 367.0000000000001 640 419.0000000000001 640 House 0
450.0000000000001 537 398.0000000000001 537 398.0000000000001 640 450.0000000000001 640 House 0
487.0000000000001 561 429.0000000000001 561 429.0000000000001 640 487.0000000000001 640 House 0