46.00000000000008 569 6.96824028714844e-14 569 7.396866666850013e-14 639 46.000000000000085 639 House 0
78.00000000000007 515 6.306931015608869e-14 515 6.955993819156967e-14 621 78.00000000000009 621 House 0
109.00000000000007 492 6.00000000000006 492 6.000000000000067 598 109.00000000000009 598 House 0
140.00000000000006 473 42.00000000000006 473 42.000000000000064 584 140.00000000000006 584 House 0
53.00000000000006 430 5.265981236333619e-14 430 5.645621744069299e-14 492 53.00000000000006 492 House 0
216.00000000000006 598 107.00000000000009 598 107.00000000000009 640 216.00000000000006 640 House 0
350.0000000000001 525 239.00000000000006 525 239.00000000000006 605 350.0000000000001 605 House 0
370.0000000000001 558 267.0000000000001 558 267.0000000000001 631 370.0000000000001 631 House 0
307.00000000000006 460 180.00000000000006 460 180.00000000000006 544 307.0000000000001 544 House 0
285.00000000000006 422 164.00000000000006 422 164.00000000000006 508 285.0000000000001 508 House 0
261.00000000000006 389 131.00000000000006 389 131.00000000000006 479 261.0000000000001 479 House 0
233.00000000000006 364 108.00000000000006 364 108.00000000000006 445 233.00000000000006 445 House 0
213.00000000000006 325 77.00000000000003 325 77.00000000000004 416 213.00000000000006 416 House 0
170.00000000000006 304 53.00000000000004 304 53.00000000000004 387 170.00000000000006 387 House 0
157.00000000000006 269 29.000000000000036 269 29.00000000000004 357 157.00000000000006 357 House 0
85.00000000000003 214 2.620744150175336e-14 214 3.1534655078044345e-14 301 85.00000000000003 301 House 0
68.00000000000003 174 2.1308854305163947e-14 174 2.5595118102179684e-14 244 68.00000000000003 244 House 0
240 2.5105259382520743e-14 170 2.0818995585505004e-14 170 21.00000000000002 240 21.00000000000003 House 0
332 3.147342273808698e-14 182 2.228857174448183e-14 182 56.00000000000003 332 56.00000000000004 House 0
377 38.000000000000036 253 38.00000000000003 253 118.00000000000004 377 118.00000000000006 House 0
396 68.00000000000004 282 68.00000000000003 282 149.00000000000006 396 149.00000000000006 House 0
417 101.00000000000006 323 101.00000000000003 323 173.00000000000006 417 173.00000000000006 House 0
628 4.000000000000068 496 4.00000000000006 496 62.000000000000064 628 62.00000000000007 House 0
619 45.000000000000064 488 45.00000000000006 488 100.00000000000007 619 100.00000000000009 House 0
604 117.00000000000006 464 117.00000000000006 464 174.00000000000006 604 174.00000000000006 House 0
601 158.00000000000006 467 158.00000000000006 467 212.00000000000006 601 212.00000000000006 House 0
589 201.00000000000006 447 201.00000000000006 447 249.00000000000006 589 249.00000000000006 House 0
567 241.00000000000006 441 241.00000000000006 441 296.00000000000006 567 296.0000000000001 House 0
579 332 459 332 459 449.00000000000006 579 449.0000000000001 House 0
574 283.00000000000006 416 283 416 336.0000000000001 574 336.0000000000001 House 0