463 164.00000000000006 408 164.00000000000006 408 260 463 260 TennisCourt 0
70.00000000000003 236 2.890166445987753e-14 236 3.196328145774592e-14 286 70.00000000000003 286 House 0
95.00000000000003 291 2.0000000000000355 291 2.000000000000039 347 95.00000000000003 347 House 0
103.00000000000004 347 2.0000000000000426 347 2.0000000000000457 401 103.00000000000006 401 House 0
101.00000000000006 406 14.00000000000005 406 14.000000000000053 464 101.00000000000006 464 House 0
111.00000000000006 467 28.000000000000057 467 28.00000000000006 518 111.00000000000006 518 House 0
119.00000000000006 522 36.00000000000006 522 36.000000000000064 579 119.00000000000006 579 House 0
139.00000000000006 577 49.00000000000007 577 49.00000000000007 636 139.00000000000006 636 House 0
270.0000000000001 559 156.00000000000006 559 156.00000000000006 628 270.0000000000001 628 House 0
496.0000000000001 600 381.0000000000001 600 381.0000000000001 640 496.0000000000001 640 House 0
583 598 500.0000000000001 598 500.0000000000001 640 583 640 House 0
463 36.00000000000006 411 36.00000000000006 411 127.00000000000006 463 127.00000000000006 TennisCourt 0
520 38.00000000000006 464 38.00000000000006 464 129.00000000000006 520 129.00000000000006 TennisCourt 0
207 42.00000000000002 145 42.000000000000014 145 132 207 132 TennisCourt 0
265 36.00000000000003 206 36.00000000000003 206 125.00000000000003 265 125.00000000000003 TennisCourt 0
325 27.000000000000036 265 27.000000000000036 265 120.00000000000003 325 120.00000000000003 TennisCourt 0
52.000000000000014 38 4.653657836759942e-15 38 8.939921633775678e-15 108 52.000000000000014 108 House 0
68.00000000000001 107 1.310372075087668e-14 107 1.7083822848105578e-14 172 68.00000000000003 172 House 0
70.00000000000003 175 1.0000000000000213 175 1.000000000000025 234 70.00000000000003 234 House 0