498.0000000000001 595 417.0000000000001 595 417.0000000000001 640 498.0000000000001 640 House 0
561 565 481.0000000000001 565 481.0000000000001 623 561 623 House 0
569 610 506.0000000000001 610 506.0000000000001 640 569 640 House 0
603 548 553 548 553 594 603 594 House 0
640 524 613 524 613 569 640 569 House 0
425 157.00000000000006 361 157.00000000000006 361 252.00000000000006 425 252.00000000000006 TennisCourt 0
476 135.00000000000006 416 135.00000000000006 416 230.00000000000006 476 230.00000000000006 TennisCourt 0
465 274.00000000000006 404 274 404 370.00000000000006 465 370.0000000000001 TennisCourt 0
514 252.00000000000006 451 252.00000000000006 451 346.0000000000001 514 346.0000000000001 TennisCourt 0
502 392 440 392 440.00000000000006 487 502.0000000000001 487.0000000000001 TennisCourt 0
553 368.0000000000001 488 368.0000000000001 488 463.0000000000001 553 463.0000000000001 TennisCourt 0