107.00000000000003 167 16.00000000000002 167 16.00000000000003 265 107.00000000000003 265 TennisCourt 0
187.00000000000003 148 90.00000000000003 148 90.00000000000003 240 187.00000000000006 240 TennisCourt 0
167.00000000000006 288 70.00000000000003 288 70.00000000000004 382 167.00000000000006 382 TennisCourt 0
234.00000000000006 264 148.00000000000006 264 148.00000000000006 361 234.00000000000006 361 TennisCourt 0
211.00000000000006 405 129.00000000000006 405 129.00000000000006 502 211.00000000000006 502 TennisCourt 0
288.00000000000006 383 202.00000000000006 383 202.00000000000006 479 288.0000000000001 479 TennisCourt 0
269.0000000000001 593 195.00000000000006 593 195.00000000000006 640 269.0000000000001 640 House 0
318.0000000000001 607 261.0000000000001 607 261.0000000000001 640 318.0000000000001 640 House 0
376.0000000000001 578 300.0000000000001 578 300.0000000000001 640 376.0000000000001 640 House 0
413.0000000000001 569 341.0000000000001 569 341.0000000000001 632 413.0000000000001 632 House 0
462.0000000000001 551 396.0000000000001 551 396.0000000000001 618 462.0000000000001 618 House 0
514 546 445.0000000000001 546 445.0000000000001 604 514 604 House 0
564 523 498.0000000000001 523 498.0000000000001 587 564 587 House 0
619 505.0000000000001 549 505.0000000000001 549 579 619 579 House 0
480.0000000000001 622 417.0000000000001 622 417.0000000000001 640 480.0000000000001 640 House 0
540 613 481.0000000000001 613 481.0000000000001 640 540 640 House 0
591 591 522 591 522 640 591 640 House 0
640 581 573 581 573 640 640 640 House 0
640 494.0000000000001 599 494.0000000000001 599 562 640 562 House 0