180 1.5063155629512445e-14 66 8.082668874372531e-15 66 49.00000000000002 180 49.00000000000003 House 0
32.000000000000064 521 6.38040982355771e-14 521 6.527367439455392e-14 545 32.00000000000007 545 House 0
26.000000000000064 509 6.233452207660028e-14 509 6.355916887574763e-14 529 26.000000000000064 529 House 0
15.000000000000062 499 6.110987527745293e-14 499 6.196712803685607e-14 513 15.000000000000064 513 House 0
66.00000000000006 548 14.000000000000068 548 14.000000000000071 574 66.00000000000006 574 House 0
43.00000000000007 536 3.0000000000000657 536 3.000000000000067 561 43.00000000000007 561 House 0
39.00000000000007 588 7.200923178986437e-14 588 7.335634326892645e-14 610 39.00000000000007 610 House 0
76.00000000000007 569 24.00000000000007 569 24.00000000000007 598 76.00000000000009 598 House 0
39.00000000000007 607 3.0000000000000746 607 3.000000000000076 629 39.00000000000007 629 House 0
69.00000000000009 596 32.00000000000007 596 32.00000000000007 627 69.00000000000009 627 House 0
108.00000000000009 590 66.00000000000009 590 66.00000000000009 618 108.00000000000009 618 House 0
560 569 473.0000000000001 569 473.0000000000001 623 560 623 House 0
571 617 513 617 513 640 571 640 House 0