144.00000000000006 346 85.00000000000003 346 85.00000000000003 505 144.00000000000006 505 TennisCourt 0
209.00000000000006 339 159.00000000000006 339 159.00000000000006 497 209.00000000000006 497 TennisCourt 0
302 275 249.00000000000006 275 249.00000000000006 430 302 430 TennisCourt 0
365 274 314 274 314 431 365 431 TennisCourt 0
435 281 383 281 383 434 435 434 TennisCourt 0
502 280.00000000000006 449 280 449 436.0000000000001 502 436.0000000000001 TennisCourt 0
640 247.00000000000006 621 247.00000000000006 621 332.0000000000001 640 332.0000000000001 House 0
640 335.0000000000001 623 335.0000000000001 623 385.0000000000001 640 385.0000000000001 House 0
640 410.0000000000001 600 410.0000000000001 600 527 640 527 House 0
291.0000000000001 617 236.00000000000006 617 236.00000000000006 640 291.0000000000001 640 House 0
367.0000000000001 612 315.0000000000001 612 315.0000000000001 640 367.0000000000001 640 House 0
404.0000000000001 607 372.0000000000001 607 372.0000000000001 640 404.0000000000001 640 House 0