269 26.000000000000032 248 26.00000000000003 248 52.00000000000003 269 52.00000000000003 House 0
271 51.00000000000003 248 51.00000000000003 248 74.00000000000003 271 74.00000000000003 House 0
275 77.00000000000003 251 77.00000000000003 251 113.00000000000003 275 113.00000000000003 House 0
275 131.00000000000006 252 131.00000000000006 252 156.00000000000006 275 156.00000000000006 House 0
318 11.000000000000039 306 11.000000000000039 306 30.000000000000036 318 30.000000000000036 House 0
338 18.00000000000004 316 18.000000000000036 316 43.00000000000004 338 43.00000000000004 House 0
336 46.00000000000004 319 46.00000000000004 319 69.00000000000003 336 69.00000000000003 House 0
336 67.00000000000003 316 67.00000000000003 316 90.00000000000003 336 90.00000000000003 House 0
337 88.00000000000003 312 88.00000000000003 312 113.00000000000003 337 113.00000000000003 House 0
332 114.00000000000003 314 114.00000000000003 314 133.00000000000006 332 133.00000000000006 House 0
339 172.00000000000006 313 172.00000000000006 313 192.00000000000006 339 192.00000000000006 House 0
377 22.000000000000043 355 22.000000000000043 355 64.00000000000006 377 64.00000000000006 House 0
371 61.00000000000004 348 61.00000000000004 348 87.00000000000004 371 87.00000000000006 House 0
368 80.00000000000003 348 80.00000000000003 348 105.00000000000003 368 105.00000000000006 House 0
369 102.00000000000004 346 102.00000000000003 346 124.00000000000004 369 124.00000000000006 House 0
370 164.00000000000006 348 164.00000000000006 348 184.00000000000006 370 184.00000000000006 House 0
370 182.00000000000006 345 182.00000000000006 345 203.00000000000006 370 203.00000000000006 House 0
176 182 139 182 139 222 176 222 House 0
303 197.00000000000006 288 197.00000000000006 288 230.00000000000006 303 230.00000000000006 House 0
321 202.00000000000006 304 202.00000000000006 304 230.00000000000006 321 230.00000000000006 House 0
337 193.00000000000006 316 193.00000000000006 316 216.00000000000006 337 216.00000000000006 House 0
290 208.00000000000006 271 208.00000000000006 271 233.00000000000006 290 233.00000000000006 House 0
278 218.00000000000006 257 218.00000000000006 257 244.00000000000006 278 244.00000000000006 House 0
265 229.00000000000006 245 229.00000000000006 245.00000000000003 253.00000000000006 265 253.00000000000006 House 0
258 246.00000000000006 233.00000000000006 246.00000000000006 233.00000000000006 268 258 268 House 0
253.00000000000006 264 229.00000000000006 264 229.00000000000006 286 253.00000000000006 286 House 0
249.00000000000006 286 224.00000000000006 286 224.00000000000006 305 249.00000000000006 305 House 0
250.00000000000006 308 225.00000000000006 308 225.00000000000006 324 250.00000000000006 324 House 0
251.00000000000006 324 227.00000000000006 324 227.00000000000006 347 251.00000000000006 347 House 0
303 248.00000000000006 282 248.00000000000006 282 273 303 273 House 0
317 243.00000000000006 303 243.00000000000006 303 270 317 270 House 0
330 246.00000000000006 317 246.00000000000006 317 272 330 272 House 0
348 255.00000000000006 330 255.00000000000006 330 278 348 278 House 0
289 254.00000000000006 274 254.00000000000006 274 280 289 280 House 0
285 272 257 272 257 297 285 297 House 0
280 294 256 294 256 315 280 315 House 0
282 318 258 318 258 337 282 337 House 0
284 338 265 338 265 356 284 356 House 0
372 281 348 281 348 311 372 311 House 0
377 300 359 300 359 327 377 327 House 0
369 222.00000000000006 344 222.00000000000006 344 244.00000000000006 369 244.00000000000006 House 0
378 242.00000000000006 358 242.00000000000006 358 257 378 257 House 0
394 249.00000000000006 373 249.00000000000006 373 272 394 272 House 0
396 305 372 305 372 331 396 331 House 0
407 260 385 260 385 285 407 285 House 0
413 281 392 281 392 303 413 303 House 0
466 114.00000000000006 431 114.00000000000006 431 149.00000000000006 466 149.00000000000006 House 0
528 130.00000000000006 474 130.00000000000006 474 181.00000000000006 528 181.00000000000006 House 0
564 191.00000000000006 523 191.00000000000006 523 261.0000000000001 564 261.0000000000001 House 0
600 7.249909050952331e-14 584 7.151937307020543e-14 584 15.000000000000073 600 15.000000000000075 House 0
614 2.000000000000074 596 2.000000000000073 596 21.000000000000078 614 21.000000000000078 House 0
623 5.0000000000000755 608 5.000000000000075 608 28.000000000000075 623 28.000000000000078 House 0
634 13.000000000000076 619 13.000000000000075 619 35.00000000000007 634 35.00000000000007 House 0
591 22.00000000000007 576 22.00000000000007 576 44.00000000000007 591 44.00000000000007 House 0
601 28.00000000000007 587 28.00000000000007 587 50.00000000000007 601 50.00000000000007 House 0
614 35.00000000000007 597 35.00000000000007 597 56.00000000000007 614 56.00000000000007 House 0
625 38.00000000000007 608 38.00000000000007 608 60.00000000000007 625 60.00000000000007 House 0
581 51.00000000000007 566 51.00000000000007 566 70.00000000000007 581 70.00000000000009 House 0
593 55.00000000000007 575 55.00000000000007 575 77.00000000000007 593 77.00000000000009 House 0
604 60.00000000000007 588 60.00000000000007 588 82.00000000000009 604 82.00000000000009 House 0
613 70.00000000000009 598 70.00000000000009 598 91.00000000000009 613 91.00000000000009 House 0
634 80.00000000000009 617 80.00000000000009 617 102.00000000000009 634 102.00000000000009 House 0
614 114.00000000000009 585 114.00000000000009 585 140.00000000000006 614 140.00000000000006 House 0
619 146.00000000000006 591 146.00000000000006 591 168.00000000000006 619 168.00000000000006 House 0
627 166.00000000000006 600 166.00000000000006 600 196.00000000000006 627 196.00000000000006 House 0
640 190.00000000000006 612 190.00000000000006 612 220.00000000000006 640 220.00000000000006 House 0
396 423 379 423 379 443 396 443 House 0
379 422 360 422 360 444 379 444 House 0
364 434 345 434 345 456 364 456 House 0
358.00000000000006 457 341 457 341.0000000000001 478 358.0000000000001 478 House 0
402.0000000000001 505 375.0000000000001 505 375.0000000000001 537 402.0000000000001 537 House 0
415.0000000000001 524 396.0000000000001 524 396.0000000000001 546 415.0000000000001 546 House 0
429.0000000000001 525 409.0000000000001 525 409.0000000000001 557 429.0000000000001 557 House 0
442.0000000000001 530 428.0000000000001 530 428.0000000000001 562 442.0000000000001 562 House 0
457.0000000000001 489 440.0000000000001 489 440.0000000000001 518 457.0000000000001 518 House 0
473.0000000000001 489.00000000000006 458.0000000000001 489 458.0000000000001 516 473.0000000000001 516 House 0
485.0000000000001 489.0000000000001 472.0000000000001 489.0000000000001 472.0000000000001 516 485.0000000000001 516 House 0
504.0000000000001 489.0000000000001 487.0000000000001 489.0000000000001 487.0000000000001 515 504.0000000000001 515 House 0
459.0000000000001 532 442.0000000000001 532 442.0000000000001 563 459.0000000000001 563 House 0
473.0000000000001 533 457.0000000000001 533 457.0000000000001 561 473.0000000000001 561 House 0
488.0000000000001 530 470.0000000000001 530 470.0000000000001 561 488.0000000000001 561 House 0
502.0000000000001 524 486.0000000000001 524 486.0000000000001 555 502.0000000000001 555 House 0
519 524 500.0000000000001 524 500.0000000000001 552 519 552 House 0
535 521 517 521 517 549 535 549 House 0
550 519 532 519 532 545 550 545 House 0
565 508.0000000000001 543 508.0000000000001 543 541 565 541 House 0
546 474.0000000000001 525 474.0000000000001 525 497.0000000000001 546 497.0000000000001 House 0
559 467.0000000000001 539 467.0000000000001 539 494.0000000000001 559 494.0000000000001 House 0
584 443.0000000000001 562 443.0000000000001 562 475.0000000000001 584 475.0000000000001 House 0