145.00000000000006 329 84.00000000000003 329 84.00000000000004 356 145.00000000000006 356 House 0
142.00000000000006 293 82.00000000000003 293 82.00000000000003 313 142.00000000000006 313 House 0
161.00000000000006 368 99.00000000000006 368 99.00000000000006 395 161.00000000000006 395 House 0
154.00000000000006 401 118.00000000000006 401 118.00000000000006 422 154.00000000000006 422 House 0
150.00000000000006 424 83.00000000000006 424 83.00000000000006 444 150.00000000000006 444 House 0
193.00000000000006 610 145.00000000000006 610 145.00000000000006 635 193.00000000000006 635 House 0
132.00000000000003 228 73.00000000000003 228 73.00000000000003 248 132.00000000000006 248 House 0
120.00000000000003 205 58.00000000000003 205 58.00000000000003 225 120.00000000000003 225 House 0
115.00000000000003 184 63.00000000000003 184 63.00000000000003 204 115.00000000000003 204 House 0
59.00000000000002 161 12.000000000000021 161 12.000000000000021 179 59.00000000000003 179 House 0
72.00000000000003 141 7.000000000000018 141 7.000000000000019 160 72.00000000000003 160 House 0
73.00000000000003 118 15.000000000000014 118 15.000000000000016 136 73.00000000000003 136 House 0
78 64 7.83773951454306e-15 64 9.797174393178824e-15 96 78 96 House 0
78 30.000000000000004 8.000000000000004 30 8.000000000000005 53.00000000000001 78 53.000000000000014 House 0
71 9.000000000000005 25 9.000000000000004 25 29.000000000000004 71 29.000000000000007 House 0
69 4.71489017671731e-15 8 9.797174393178826e-16 8 6.000000000000005 69 6.000000000000009 House 0