528 586 470.0000000000001 586 470.0000000000001 613 528 613 House 0
266.0000000000001 566 225.00000000000006 566 225.00000000000006 589 266.0000000000001 589 House 0
372.0000000000001 541 346.0000000000001 541 346.0000000000001 561 372.0000000000001 561 House 0
285.0000000000001 530 242.00000000000006 530 242.00000000000006 557 285.0000000000001 557 House 0
303.0000000000001 483 248.00000000000006 483 248.00000000000006 512 303.0000000000001 512 House 0
320 398 259 398 259 427 320 427 House 0
307 358 250.00000000000006 358 250.00000000000006 381 307 381 House 0
309 295 249.00000000000006 295 249.00000000000006 328 309 328 House 0
382 176.00000000000006 342 176.00000000000006 342 195.00000000000006 382 195.00000000000006 House 0
428 154.00000000000006 386 154.00000000000006 386 178.00000000000006 428 178.00000000000006 House 0
489 131.00000000000006 440 131.00000000000006 440 150.00000000000006 489 150.00000000000006 House 0
535 113.00000000000006 486 113.00000000000006 486 135.00000000000006 535 135.00000000000006 House 0
572 101.00000000000006 539 101.00000000000006 539 123.00000000000006 572 123.00000000000006 House 0
637 79.00000000000009 582 79.00000000000009 582 97.00000000000009 637 97.00000000000009 House 0