617 49.00000000000007 593 49.00000000000007 593 86.00000000000009 617 86.00000000000009 House 0
606 86.00000000000009 582 86.00000000000009 582 126.00000000000009 606 126.00000000000009 House 0
452 288 424 288 424 334 452 334 House 0
367 239.00000000000006 348 239.00000000000006 348 274 367 274 House 0
346 231.00000000000006 322 231.00000000000006 322 266 346 266 House 0
583 383.0000000000001 562 383.0000000000001 562 420.0000000000001 583 420.0000000000001 House 0
562 396.0000000000001 540 396.0000000000001 540 434.0000000000001 562 434.0000000000001 House 0
309 206.00000000000006 288 206.00000000000006 288 239.00000000000006 309 239.00000000000006 House 0
288 188.00000000000006 276 188.00000000000006 276 208.00000000000006 288 208.00000000000006 House 0
161 9.00000000000002 145 9.000000000000018 145 39.000000000000014 161 39.000000000000014 House 0
140 1.5920408388915595e-14 120 1.469576158976824e-14 120 22.000000000000014 140 22.000000000000014 House 0
119 1.3409882450663518e-14 100 1.2246467991473532e-14 100 14.000000000000012 119 14.000000000000014 House 0