68.00000000000006 441 5.4006923842398276e-14 441 5.5537732341332465e-14 466 68.00000000000006 466 House 0
91.00000000000006 399 1.0000000000000488 399 1.00000000000005 418 91.00000000000006 418 House 0
102.00000000000006 372 3.0000000000000453 372 3.0000000000000466 395 102.00000000000006 395 House 0
106.00000000000006 356 32.00000000000004 356 32.00000000000004 369 106.00000000000006 369 House 0
111.00000000000003 331 43.00000000000004 331 43.00000000000004 348 111.00000000000003 348 House 0
125.00000000000003 303 53.00000000000004 303 53.00000000000004 323 125.00000000000003 323 House 0
143.00000000000006 277 76.00000000000003 277 76.00000000000003 293 143.00000000000006 293 House 0
181 191 93.00000000000003 191 93.00000000000003 225 181 225 House 0
198 163 110.00000000000003 163 110.00000000000003 182 198 182 House 0
218 135 150 135 150 155 218 155 House 0
265 85.00000000000003 200 85.00000000000003 200 107.00000000000003 265 107.00000000000003 House 0