152 56.000000000000014 136 56.000000000000014 136 77.00000000000003 152 77.00000000000003 House 0
208 44.00000000000002 171 44.000000000000014 171 113.00000000000003 208 113.00000000000003 House 0
245 60.00000000000003 218 60.00000000000003 218 111.00000000000003 245 111.00000000000003 House 0
272 64.00000000000003 246 64.00000000000003 246 123.00000000000003 272 123.00000000000003 House 0
300 66.00000000000003 275 66.00000000000003 275 124.00000000000003 300 124.00000000000003 House 0
358 74.00000000000004 308 74.00000000000003 308 143.00000000000006 358 143.00000000000006 House 0
414 93.00000000000006 383 93.00000000000006 383 176.00000000000006 414 176.00000000000006 House 0
440 121.00000000000006 415 121.00000000000006 415 174.00000000000006 440 174.00000000000006 House 0
469 118.00000000000006 439 118.00000000000006 439 210.00000000000006 469 210.00000000000006 House 0
493 143.00000000000006 467 143.00000000000006 467 201.00000000000006 493 201.00000000000006 House 0
523 147.00000000000006 495 147.00000000000006 495 211.00000000000006 523 211.00000000000006 House 0
551 163.00000000000006 522 163.00000000000006 522 223.00000000000006 551 223.00000000000006 House 0
579 147.00000000000006 550 147.00000000000006 550 247.00000000000006 579 247.00000000000006 House 0
443 1.0000000000000526 416 1.000000000000051 416 33.00000000000006 443 33.00000000000006 House 0
476 1.0000000000000568 453 1.0000000000000555 453 30.000000000000057 476 30.000000000000057 House 0
503 1.0000000000000602 478 1.0000000000000586 478 33.00000000000006 503 33.00000000000006 House 0
532 1.0000000000000637 507 1.0000000000000622 507 44.000000000000064 532 44.00000000000007 House 0
559 2.000000000000067 536 2.0000000000000657 536 51.00000000000007 559 51.00000000000007 House 0
581 2.0000000000000697 559 2.0000000000000684 559 70.00000000000007 581 70.00000000000009 House 0
640 24.000000000000078 616 24.000000000000078 616 89.00000000000009 640 89.00000000000009 House 0
632 210.00000000000006 605 210.00000000000006 605 270.0000000000001 632 270.0000000000001 House 0