22 1.000000000000002 11 1.0000000000000013 11 26 22 26 House 0
34 1.0000000000000033 23 1.0000000000000027 23 19.000000000000004 34 19.000000000000007 House 0
44 1.0000000000000047 34 1.000000000000004 34 30.000000000000007 44 30.000000000000007 House 0
54 5.9395369758646626e-15 43 5.2659812363336185e-15 43 49 54 49 House 0
70 1.0000000000000075 55 1.0000000000000067 55 42.000000000000014 70 42.000000000000014 House 0
83 9.429780353434619e-15 71 8.694992273946208e-15 71 60.000000000000014 83 60.000000000000014 House 0
93 1.0838124172454076e-14 84 1.0287033112837765e-14 84 68 93 68 House 0
116.00000000000003 123 105.00000000000003 123 105.00000000000003 213 116.00000000000003 213 House 0
129 123 115.00000000000003 123 115.00000000000003 213 129 213 House 0
153 129 129 129 129 220 153 220 House 0
125 1.45732969098535e-14 113 1.383850883036509e-14 113 72.00000000000001 125 72.00000000000003 House 0
136 1.6042873068830326e-14 126 1.543054966925665e-14 126 37.000000000000014 136 37.000000000000014 House 0
148 1.0000000000000175 138 1.0000000000000169 138 56.000000000000014 148 56.000000000000014 House 0
159 1.879832836691187e-14 148 1.8124772627380827e-14 148 75.00000000000003 159 75.00000000000003 House 0
167 165 153 165 153 230 167 230 House 0
170 2.014543984597396e-14 159 1.9471884106442917e-14 159 52.000000000000014 170 52.000000000000014 House 0
184 9.000000000000021 173 9.000000000000021 173 65.00000000000003 184 65.00000000000003 House 0
195 2.3207056843842342e-14 184 2.25335011043113e-14 184 71.00000000000003 195 71.00000000000003 House 0
207 1.0000000000000246 195 1.000000000000024 195 68.00000000000003 207 68.00000000000003 House 0
218 22.00000000000003 206 22.00000000000003 206 87.00000000000003 218 87.00000000000003 House 0
240 72.00000000000003 230 72.00000000000003 230 127.00000000000003 240 127.00000000000003 House 0
244 12.000000000000028 235 12.000000000000028 235 49.00000000000003 244 49.00000000000003 House 0
187.00000000000003 158 167 158 167.00000000000003 247 187.00000000000006 247 House 0
202.00000000000003 167 190 167 190.00000000000003 244 202.00000000000006 244 House 0
214.00000000000003 165 201 165 201 252 214.00000000000006 252 House 0
225.00000000000003 188 213 188 213.00000000000006 260 225.00000000000006 260 House 0
272 30.000000000000032 258 30.00000000000003 258 108.00000000000003 272 108.00000000000003 House 0
283 47.00000000000003 273 47.00000000000003 273 103.00000000000003 283 103.00000000000003 House 0
297 61.00000000000003 283 61.00000000000003 283 105.00000000000003 297 105.00000000000003 House 0
316 35.00000000000004 299 35.00000000000004 299 143.00000000000006 316 143.00000000000006 House 0
341 66.00000000000003 317 66.00000000000003 317 150.00000000000006 341 150.00000000000006 House 0
352 74.00000000000004 340 74.00000000000003 340 153.00000000000006 352 153.00000000000006 House 0
405 4.892463962593676e-14 394 4.8251083886405724e-14 394 16.00000000000005 405 16.00000000000005 House 0
378 88.00000000000006 365 88.00000000000006 365 159.00000000000006 378 159.00000000000006 House 0
402 97.00000000000006 387 97.00000000000006 387 166.00000000000006 402 166.00000000000006 House 0
416 105.00000000000006 402 105.00000000000006 402 190.00000000000006 416 190.00000000000006 House 0
413 5.014928642508411e-14 406 4.972066004538254e-14 406 20.00000000000005 413 20.00000000000005 House 0
441 5.32109034229525e-14 428 5.241488300350672e-14 428 42.00000000000006 441 42.00000000000006 House 0
465 5.615005574090614e-14 452 5.535403532146036e-14 452 51.00000000000006 465 51.00000000000006 House 0
479 5.780332891975507e-14 465 5.694607616035192e-14 465 56.00000000000006 479 56.00000000000006 House 0
446 111.00000000000006 433 111.00000000000006 433 194.00000000000006 446 194.00000000000006 House 0
462 118.00000000000006 448 118.00000000000006 448 208.00000000000006 462 208.00000000000006 House 0
506 14.00000000000006 493 14.00000000000006 493 66.00000000000006 506 66.00000000000006 House 0
525 13.000000000000064 514 13.000000000000064 514 77.00000000000006 525 77.00000000000006 House 0
509 139.00000000000006 485 139.00000000000006 485 232.00000000000006 509 232.00000000000006 House 0
535 147.00000000000006 510 147.00000000000006 510 221.00000000000006 535 221.00000000000006 House 0
547 17.000000000000064 536 17.000000000000064 536 86.00000000000006 547 86.00000000000006 House 0
547 179.00000000000006 536 179.00000000000006 536 222.00000000000006 547 222.00000000000006 House 0
569 198.00000000000006 557 198.00000000000006 557 249.00000000000006 569 249.00000000000006 House 0
597 31.00000000000007 586 31.00000000000007 586 110.00000000000009 597 110.00000000000009 House 0
559 46.00000000000007 549 46.00000000000007 549 99.00000000000006 559 99.00000000000006 House 0
592 202.00000000000006 580 202.00000000000006 580 250.00000000000006 592 250.00000000000006 House 0
612 201.00000000000006 600 201.00000000000006 600 258.0000000000001 612 258.0000000000001 House 0
608 46.00000000000007 597 46.00000000000007 597 112.00000000000009 608 112.00000000000009 House 0
620 71.00000000000009 608 71.00000000000009 608 121.00000000000009 620 121.00000000000009 House 0
638 199.00000000000006 621 199.00000000000006 621 275.0000000000001 638 275.0000000000001 House 0
631 46.00000000000007 621 46.00000000000007 621 130.00000000000006 631 130.00000000000006 House 0
640 41.00000000000008 633 41.00000000000007 633 138.00000000000006 640 138.00000000000006 House 0