102.00000000000009 596 89.00000000000009 596 89.00000000000009 640 102.00000000000009 640 House 0
124.00000000000007 574 112.00000000000006 574 112.00000000000006 618 124.00000000000009 618 House 0
158.00000000000006 565 139.00000000000006 565 139.00000000000006 633 158.00000000000006 633 House 0
265.0000000000001 532 249.00000000000006 532 249.00000000000006 585 265.0000000000001 585 House 0
341.0000000000001 570 311.0000000000001 570 311.0000000000001 627 341.0000000000001 627 House 0
368.0000000000001 550 349.0000000000001 550 349.0000000000001 628 368.0000000000001 628 House 0
384.0000000000001 528 367.0000000000001 528 367.0000000000001 564 384.0000000000001 564 House 0
405.0000000000001 536 393.0000000000001 536 393.0000000000001 597 405.0000000000001 597 House 0
422.0000000000001 522 409.0000000000001 522 409.0000000000001 562 422.0000000000001 562 House 0
441.0000000000001 494 424.0000000000001 494 424.0000000000001 535 441.0000000000001 535 House 0
466.0000000000001 475.00000000000006 447.0000000000001 475 447.0000000000001 542 466.0000000000001 542 House 0
484.0000000000001 485.0000000000001 470.0000000000001 485.0000000000001 470.0000000000001 512 484.0000000000001 512 House 0
509.00000000000006 448.0000000000001 488 448.0000000000001 488.00000000000006 496.0000000000001 509.0000000000001 496.0000000000001 House 0
540 394.0000000000001 516 394.0000000000001 516 462.0000000000001 540 462.0000000000001 House 0
524 615 508.0000000000001 615 508.0000000000001 640 524 640 House 0
606 383.0000000000001 589 383.0000000000001 589 422.0000000000001 606 422.0000000000001 House 0
635 574 617 574 617 616 635 616 House 0