45.00000000000007 563 28.00000000000007 563 28.00000000000007 604 45.00000000000007 604 House 0
78.00000000000007 558 63.00000000000007 558 63.00000000000007 606 78.00000000000009 606 House 0
90.00000000000006 550 80.00000000000006 550 80.00000000000006 578 90.00000000000006 578 House 0
110.00000000000006 529 95.00000000000006 529 95.00000000000006 568 110.00000000000006 568 House 0
125.00000000000006 539 112.00000000000006 539 112.00000000000006 565 125.00000000000006 565 House 0
160.00000000000006 516 139.00000000000006 516 139.00000000000006 545 160.00000000000006 545 House 0
192.00000000000006 494 177.00000000000006 494 177.00000000000006 522 192.00000000000006 522 House 0
226.00000000000006 481 211.00000000000006 481 211.00000000000006 522 226.00000000000006 522 House 0
212.00000000000006 611 199.00000000000006 611 199.00000000000006 639 212.00000000000006 639 House 0
232.00000000000006 603 217.00000000000006 603 217.00000000000006 631 232.00000000000006 631 House 0
253.00000000000006 590 236.00000000000006 590 236.00000000000006 620 253.00000000000006 620 House 0
259.00000000000006 463 244.00000000000006 463 244.00000000000006 495 259.0000000000001 495 House 0
275.00000000000006 453 262 453 262.00000000000006 483 275.0000000000001 483 House 0
292.00000000000006 444 280 444 280.00000000000006 472 292.0000000000001 472 House 0
304 439 294 439 294 463 304 463 House 0
288.0000000000001 569 275.0000000000001 569 275.0000000000001 591 288.0000000000001 591 House 0
324 436 313 436 313 452 324 452 House 0
339.0000000000001 540 325.0000000000001 540 325.0000000000001 559 339.0000000000001 559 House 0
356.0000000000001 533 344.0000000000001 533 344.0000000000001 559 356.0000000000001 559 House 0
342 424 329 424 329 457 342 457 House 0
368.0000000000001 524 358.0000000000001 524 358.0000000000001 552 368.0000000000001 552 House 0
374 417 364 417 364 446 374 446 House 0
392 398 380 398 380 426 392 426 House 0
405 371 396 371 396 403 405 403 House 0
424 359 410 359 410 388 424 388 House 0
455 350 444 350 444 382 455 382 House 0
487 352.0000000000001 479 352.0000000000001 479 373.0000000000001 487 373.0000000000001 House 0
480.00000000000006 443.00000000000006 455 443 455.00000000000006 469.00000000000006 480.0000000000001 469.0000000000001 House 0
452.0000000000001 478 439.0000000000001 478 439.0000000000001 507 452.0000000000001 507 House 0
489.0000000000001 475.0000000000001 475.0000000000001 475.0000000000001 475.0000000000001 498.0000000000001 489.0000000000001 498.0000000000001 House 0
495.0000000000001 512 480.0000000000001 512 480.0000000000001 530 495.0000000000001 530 House 0
535 422.0000000000001 507 422.0000000000001 507 449.0000000000001 535 449.0000000000001 House 0
508 321.0000000000001 493 321.0000000000001 493 362.0000000000001 508 362.0000000000001 House 0
526 331.0000000000001 514 331.0000000000001 514 358.0000000000001 526 358.0000000000001 House 0
542 324.0000000000001 530 324.0000000000001 530 349.0000000000001 542 349.0000000000001 House 0
557 319.0000000000001 547 319.0000000000001 547 336.0000000000001 557 336.0000000000001 House 0
576 313.0000000000001 567 313.0000000000001 567 336.0000000000001 576 336.0000000000001 House 0
589 300.0000000000001 580 300.0000000000001 580 322.0000000000001 589 322.0000000000001 House 0
606 288.0000000000001 595 288.0000000000001 595 312.0000000000001 606 312.0000000000001 House 0
624 279.0000000000001 615 279.0000000000001 615 310.0000000000001 624 310.0000000000001 House 0
640 245.00000000000006 627 245.00000000000006 627 273.0000000000001 640 273.0000000000001 House 0
637 399.0000000000001 623 399.0000000000001 623 438.0000000000001 637 438.0000000000001 House 0
570 419.0000000000001 557 419.0000000000001 557 439.0000000000001 570 439.0000000000001 House 0
610 450.0000000000001 595 450.0000000000001 595 477.0000000000001 610 477.0000000000001 House 0
602 396.0000000000001 589 396.0000000000001 589 427.0000000000001 602 427.0000000000001 House 0
586 479.0000000000001 571 479.0000000000001 571 507.0000000000001 586 507.0000000000001 House 0
566 515 556 515 556 543 566 543 House 0
627 550 618 550 618 571 627 571 House 0
599 592 587 592 587 615 599 615 House 0
578 605 566 605 566 634 578 634 House 0
497.0000000000001 546 484.0000000000001 546 484.0000000000001 573 497.0000000000001 573 House 0
483.0000000000001 587 470.0000000000001 587 470.0000000000001 607 483.0000000000001 607 House 0
461.0000000000001 596 451.0000000000001 596 451.0000000000001 615 461.0000000000001 615 House 0
445.0000000000001 588 434.0000000000001 588 434.0000000000001 611 445.0000000000001 611 House 0
406.0000000000001 521 396.0000000000001 521 396.0000000000001 549 406.0000000000001 549 House 0
429.0000000000001 594 416.0000000000001 594 416.0000000000001 617 429.0000000000001 617 House 0
410.0000000000001 593 399.0000000000001 593 399.0000000000001 612 410.0000000000001 612 House 0
395.0000000000001 609 384.0000000000001 609 384.0000000000001 636 395.0000000000001 636 House 0