175.00000000000006 579 147.00000000000006 579 147.00000000000006 640 175.00000000000006 640 House 0
207.00000000000006 581 184.00000000000006 581 184.00000000000006 630 207.00000000000006 630 House 0
245.00000000000006 592 223.00000000000006 592 223.00000000000006 636 245.00000000000006 636 House 0
313.0000000000001 540 289.0000000000001 540 289.0000000000001 597 313.0000000000001 597 House 0
346.0000000000001 514 323.0000000000001 514 323.0000000000001 571 346.0000000000001 571 House 0
370.0000000000001 600 350.0000000000001 600 350.0000000000001 639 370.0000000000001 639 House 0
378.0000000000001 514 356.0000000000001 514 356.0000000000001 558 378.0000000000001 558 House 0
443.0000000000001 465 412.0000000000001 465 412.0000000000001 515 443.0000000000001 515 House 0
476.0000000000001 453.00000000000006 446 453 446.0000000000001 511.0000000000001 476.0000000000001 511.0000000000001 House 0
508.00000000000006 443.0000000000001 481 443.0000000000001 481.0000000000001 504.0000000000001 508.0000000000001 504.0000000000001 House 0
542 433.0000000000001 512 433.0000000000001 512 495.0000000000001 542 495.0000000000001 House 0
574 426.0000000000001 548 426.0000000000001 548 478.0000000000001 574 478.0000000000001 House 0
612 607 585 607 585 634 612 634 House 0
607 408.0000000000001 579 408.0000000000001 579 457.0000000000001 607 457.0000000000001 House 0
635 376.0000000000001 611 376.0000000000001 611 427.0000000000001 635 427.0000000000001 House 0