14.000000000000007 61 6.000000000000007 61 6.000000000000009 89 14.00000000000001 89 House 0
61.00000000000001 30.000000000000007 55 30.000000000000007 55.00000000000001 87 61.000000000000014 87 House 0
60.000000000000014 99 54.000000000000014 99 54.000000000000014 160 60.000000000000014 160 House 0
53.00000000000003 241 47.00000000000003 241 47.00000000000003 285 53.00000000000003 285 House 0
59.00000000000003 206 53.00000000000003 206 53.00000000000003 255 59.00000000000003 255 House 0
92.00000000000001 76 84 76 84.00000000000003 135 92.00000000000003 135 House 0
91.00000000000003 188 83.00000000000003 188 83.00000000000003 245 91.00000000000003 245 House 0
103.00000000000003 208 95.00000000000003 208 95.00000000000003 270 103.00000000000003 270 House 0
113.00000000000003 160 104.00000000000003 160 104.00000000000003 220 113.00000000000003 220 House 0
105 17.000000000000014 97 17.000000000000014 97 53.000000000000014 105 53.000000000000014 House 0
124.00000000000003 155 116.00000000000003 155 116.00000000000003 196 124.00000000000003 196 House 0
135 157 125.00000000000003 157 125.00000000000003 198 135 198 House 0
135 36.000000000000014 130 36.000000000000014 130 83.00000000000003 135 83.00000000000003 House 0
146 170 137 170 137 205 146 205 House 0
146 53.000000000000014 137 53.000000000000014 137 89.00000000000003 146 89.00000000000003 House 0
157 29.00000000000002 149 29.00000000000002 149 68.00000000000003 157 68.00000000000003 House 0
169 37.000000000000014 160 37.000000000000014 160 82.00000000000003 169 82.00000000000003 House 0
168 169 159 169 159 208 168 208 House 0
186 48.00000000000003 180 48.00000000000003 180 76.00000000000003 186 76.00000000000003 House 0
181 185 175 185 175 231 181 231 House 0
188 174 182 174 182 218 188 218 House 0
215 2.596251214192389e-14 209 2.5595118102179678e-14 209 31.00000000000003 215 31.00000000000003 House 0
219 132 205 132 205 177 219 177 House 0
232 150 225 150 225 186 232 186 House 0
246 130.00000000000006 235 130.00000000000006 235 195.00000000000006 246 195.00000000000006 House 0
259 190.00000000000006 254 190.00000000000006 254.00000000000003 234.00000000000006 259 234.00000000000006 House 0
277 99.00000000000003 270 99.00000000000003 270 143.00000000000006 277 143.00000000000006 House 0
285 190.00000000000006 278 190.00000000000006 278 234.00000000000006 285 234.00000000000006 House 0
285 144.00000000000006 278 144.00000000000006 278 176.00000000000006 285 176.00000000000006 House 0
293 103.00000000000003 286 103.00000000000003 286 147.00000000000006 293 147.00000000000006 House 0
294 186.00000000000006 288 186.00000000000006 288 230.00000000000006 294 230.00000000000006 House 0
302 169.00000000000006 297 169.00000000000006 297 222.00000000000006 302 222.00000000000006 House 0
313 164.00000000000006 306 164.00000000000006 306 218.00000000000006 313 218.00000000000006 House 0
320 143.00000000000006 314 143.00000000000006 314 223.00000000000006 320 223.00000000000006 House 0
332 134.00000000000006 326 134.00000000000006 326 173.00000000000006 332 173.00000000000006 House 0
311 1.0000000000000377 304 1.0000000000000373 304 47.00000000000004 311 47.00000000000004 House 0
295 3.5698454195145346e-14 288 3.5269827815443773e-14 288 21.000000000000036 295 21.000000000000036 House 0
320 3.876007119301373e-14 313 3.833144481331216e-14 313 53.00000000000004 320 53.00000000000004 House 0
334 4.059704139173476e-14 329 4.029087969194792e-14 329 47.00000000000004 334 47.00000000000004 House 0
340 145.00000000000006 335 145.00000000000006 335 198.00000000000006 340 198.00000000000006 House 0
350 121.00000000000006 344 121.00000000000003 344 157.00000000000006 350 157.00000000000006 House 0
353 159.00000000000006 347 159.00000000000006 347 202.00000000000006 353 202.00000000000006 House 0
359 165.00000000000006 356 165.00000000000006 356 200.00000000000006 359 200.00000000000006 House 0
365 124.00000000000006 362 124.00000000000006 362 165.00000000000006 365 165.00000000000006 House 0
370 103.00000000000006 367 103.00000000000006 367 177.00000000000006 370 177.00000000000006 House 0
387 133.00000000000006 383 133.00000000000006 383 175.00000000000006 387 175.00000000000006 House 0
401 129.00000000000006 389 129.00000000000006 389 194.00000000000006 401 194.00000000000006 House 0
419 122.00000000000006 411 122.00000000000006 411 190.00000000000006 419 190.00000000000006 House 0
420 6.000000000000051 412 6.00000000000005 412 39.00000000000006 420 39.00000000000006 House 0
432 5.000000000000052 423 5.0000000000000515 423 35.00000000000006 432 35.00000000000006 House 0
431 115.00000000000006 421 115.00000000000006 421 171.00000000000006 431 171.00000000000006 House 0
448 116.00000000000006 442 116.00000000000006 442 163.00000000000006 448 163.00000000000006 House 0
457 117.00000000000006 451 117.00000000000006 451 156.00000000000006 457 156.00000000000006 House 0
474 142.00000000000006 468 142.00000000000006 468 183.00000000000006 474 183.00000000000006 House 0
482 143.00000000000006 475 143.00000000000006 475 190.00000000000006 482 190.00000000000006 House 0
506 136.00000000000006 501 136.00000000000006 501 178.00000000000006 506 178.00000000000006 House 0
511 170.00000000000006 507 170.00000000000006 507 208.00000000000006 511 208.00000000000006 House 0
519 146.00000000000006 513 146.00000000000006 513 182.00000000000006 519 182.00000000000006 House 0
528 176.00000000000006 522 176.00000000000006 522 215.00000000000006 528 215.00000000000006 House 0
536 206.00000000000006 531 206.00000000000006 531 236.00000000000006 536 236.00000000000006 House 0
541 212.00000000000006 536 212.00000000000006 536 248.00000000000006 541 248.00000000000006 House 0
546 226.00000000000006 542 226.00000000000006 542 246.00000000000006 546 246.00000000000006 House 0
571 174.00000000000006 566 174.00000000000006 566 205.00000000000006 571 205.00000000000006 House 0
588 66.00000000000007 575 66.00000000000006 575 111.00000000000007 588 111.00000000000009 House 0
606 134.00000000000006 597 134.00000000000006 597 184.00000000000006 606 184.00000000000006 House 0
622 143.00000000000006 615 143.00000000000006 615 180.00000000000006 622 180.00000000000006 House 0