47.000000000000036 285 16.000000000000036 285 16.00000000000004 364 47.00000000000004 364 House 0
48.00000000000005 396 16.00000000000005 396 16.000000000000053 483 48.00000000000006 483 House 0
63.00000000000006 488 32.00000000000006 488 32.000000000000064 577 63.00000000000007 577 House 0
96.00000000000007 527 79.00000000000006 527 79.00000000000007 605 96.00000000000009 605 House 0
117.00000000000004 333 91.00000000000003 333 91.00000000000006 426 117.00000000000006 426 House 0
145.00000000000006 347 119.00000000000003 347 119.00000000000004 401 145.00000000000006 401 House 0
182.00000000000006 372 161.00000000000006 372 161.00000000000006 452 182.00000000000006 452 House 0
128.00000000000006 590 109.00000000000009 590 109.00000000000009 640 128.00000000000006 640 House 0
167.00000000000006 559 148.00000000000006 559 148.00000000000006 640 167.00000000000006 640 House 0
230.00000000000006 387 202.00000000000006 387 202.00000000000006 466 230.00000000000006 466 House 0
265.00000000000006 409 244.00000000000006 409 244.00000000000006 481 265.0000000000001 481 House 0
308.0000000000001 524 286.0000000000001 524 286.0000000000001 590 308.0000000000001 590 House 0
347.0000000000001 563 326.0000000000001 563 326.0000000000001 637 347.0000000000001 637 House 0
388.0000000000001 572 365.0000000000001 572 365.0000000000001 639 388.0000000000001 639 House 0
419.0000000000001 564 398.0000000000001 564 398.0000000000001 640 419.0000000000001 640 House 0
452.0000000000001 522 426.0000000000001 522 426.0000000000001 612 452.0000000000001 612 House 0
497.0000000000001 539 462.0000000000001 539 462.0000000000001 607 497.0000000000001 607 House 0
528 510.0000000000001 503.0000000000001 510.0000000000001 503.0000000000001 583 528 583 House 0
558 477.0000000000001 532 477.0000000000001 532 539 558 539 House 0
606 472.0000000000001 586 472.0000000000001 586 550 606 550 House 0
640 435.0000000000001 616 435.0000000000001 616 528 640 528 House 0
614 612 601 612 601 640 614 640 House 0