24.00000000000004 306 3.7474192053909006e-14 306 4.078073841160686e-14 360 24.000000000000043 360 House 0
106.00000000000006 291 81.00000000000003 291 81.00000000000006 353 106.00000000000006 353 House 0
157.00000000000006 284 114.00000000000003 284 114.00000000000003 344 157.00000000000006 344 House 0
142 165 113.00000000000003 165 113.00000000000003 206 142 206 House 0
182 157 156 157 156 201 182 201 House 0
245.00000000000003 217.00000000000003 229 217 229.00000000000003 266 245.00000000000006 266 House 0
272 211.00000000000006 254 211.00000000000006 254.00000000000003 286 272 286 House 0
114 20.000000000000007 80 20.000000000000007 80 55.000000000000014 114 55.000000000000014 House 0
174 1.990051048614449e-14 151 1.8492166667125033e-14 151 76.00000000000003 174 76.00000000000003 House 0
243 24.00000000000003 219 24.00000000000003 219 59.00000000000003 243 59.00000000000003 House 0
295 143.00000000000006 269 143.00000000000006 269 190.00000000000006 295 190.00000000000006 House 0
331 186.00000000000006 308 186.00000000000006 308 251.00000000000006 331 251.00000000000006 House 0
319 24.000000000000036 278 24.000000000000036 278 70.00000000000003 319 70.00000000000003 House 0
362 43.00000000000004 341 43.00000000000004 341 109.00000000000004 362 109.00000000000006 House 0
456 39.00000000000006 413 39.00000000000006 413 107.00000000000006 456 107.00000000000006 House 0