320 4.0000000000000355 261 4.000000000000032 261 23.000000000000036 320 23.000000000000043 House 0
367 25.00000000000004 302 25.000000000000036 302 46.00000000000004 367 46.00000000000004 House 0
412 55.00000000000006 339 55.00000000000004 339 81.00000000000006 412 81.00000000000006 House 0
428 117.00000000000006 368 117.00000000000006 368 146.00000000000006 428 146.00000000000006 House 0
459 148.00000000000006 388 148.00000000000006 388 177.00000000000006 459 177.00000000000006 House 0
598 63.00000000000007 541 63.00000000000007 541 85.00000000000007 598 85.00000000000009 House 0
618 95.00000000000007 558 95.00000000000006 558 117.00000000000006 618 117.00000000000009 House 0
640 125.00000000000009 588 125.00000000000009 588 152.00000000000006 640 152.00000000000006 House 0
470 189.00000000000006 414 189.00000000000006 414 209.00000000000006 470 209.00000000000006 House 0
438 217.00000000000006 381 217.00000000000006 381 244.00000000000006 438 244.00000000000006 House 0
529 282.00000000000006 447 282 447 303.00000000000006 529 303.0000000000001 House 0
524 316.0000000000001 465 316.0000000000001 465 334.0000000000001 524 334.0000000000001 House 0
528 343.00000000000006 455 343 455 367 528 367.0000000000001 House 0
580 372.0000000000001 517 372.0000000000001 517 394.0000000000001 580 394.0000000000001 House 0
584 402.0000000000001 532 402.0000000000001 532 429.0000000000001 584 429.0000000000001 House 0
622 438.0000000000001 524 438.0000000000001 524 461.0000000000001 622 461.0000000000001 House 0
622 470.0000000000001 535 470.0000000000001 535 494.0000000000001 622 494.0000000000001 House 0
626 502.0000000000001 542 502.0000000000001 542 525 626 525 House 0
615 532 534 532 534 561 615 561 House 0
634 570 551 570 551 596 634 596 House 0
575 613 524 613 524 631 575 631 House 0