38.000000000000064 478 5.853811699924349e-14 478 6.13548046372824e-14 524 38.00000000000007 524 House 0
29.000000000000053 382 4.678150772742889e-14 382 5.0332983444956215e-14 440 29.000000000000057 440 House 0
221.00000000000006 422 171.00000000000006 422 171.00000000000006 457 221.00000000000006 457 House 0
303 350 252.00000000000006 350 252.00000000000006 396 303 396 House 0
370 323 329 323 329 352 370 352 House 0
68.00000000000003 296 19.000000000000036 296 19.00000000000004 323 68.00000000000003 323 House 0
120.00000000000003 290 75.00000000000003 290 75.00000000000003 323 120.00000000000003 323 House 0
182.00000000000006 302 136.00000000000006 302 136.00000000000006 330 182.00000000000006 330 House 0
247.00000000000006 302 194.00000000000006 302 194.00000000000006 328 247.00000000000006 328 House 0
26.00000000000003 206 2.5227724062435475e-14 206 2.718715894107124e-14 238 26.00000000000003 238 House 0
412 262 362 262 362 290 412 290 House 0
426 228.00000000000006 399 228.00000000000006 399 253.00000000000006 426 253.00000000000006 House 0
453 182.00000000000006 401 182.00000000000006 401 207.00000000000006 453 207.00000000000006 House 0
137 127.00000000000001 90.00000000000003 127 90.00000000000003 162 137 162 House 0
204 74.00000000000003 161 74.00000000000003 161 101.00000000000003 204 101.00000000000003 House 0
38.00000000000001 30.000000000000004 3.67394039744206e-15 30 6.1844663356941344e-15 71 38.000000000000014 71 House 0