65 7.0417190950972805e-15 50 6.123233995736766e-15 50 46.00000000000001 65 46.000000000000014 House 0
89 1.00000000000001 73 1.0000000000000089 73 32.000000000000014 89 32.000000000000014 House 0
108 1.0000000000000122 91 1.000000000000011 91 80 108 80 House 0
122 1.0000000000000144 111 1.0000000000000138 111 40.000000000000014 122 40.000000000000014 House 0
150 29.000000000000018 135 29.000000000000014 135 130 150 130 House 0
175 81.00000000000003 157 81.00000000000003 157 154 175 154 House 0
194 119.00000000000003 182 119.00000000000003 182 177 194 177 House 0
214 105.00000000000003 204 105.00000000000003 204 191 214 191 House 0
241 97.00000000000003 229 97.00000000000003 229 163.00000000000006 241 163.00000000000006 House 0
258 144.00000000000006 247 144.00000000000006 247 214.00000000000006 258 214.00000000000006 House 0
234 23.00000000000003 222 23.00000000000003 222 79.00000000000003 234 79.00000000000003 House 0
270 187.00000000000006 260 187.00000000000006 260 239.00000000000006 270 239.00000000000006 House 0
280 198.00000000000006 272 198.00000000000006 272 257 280 257 House 0
296 206.00000000000006 283 206.00000000000006 283 279 296 279 House 0
322 169.00000000000006 307 169.00000000000006 307 286 322 286 House 0
344 265 332 265 332 327 344 327 House 0
342 139.00000000000006 331 139.00000000000006 331 170.00000000000006 342 170.00000000000006 House 0
354 235.00000000000006 345 235.00000000000006 345 327 354 327 House 0
352 158.00000000000006 344 158.00000000000006 344 220.00000000000006 352 220.00000000000006 House 0
367 231.00000000000006 354 231.00000000000006 354 308 367 308 House 0
363 116.00000000000006 350 116.00000000000006 350 188.00000000000006 363 188.00000000000006 House 0
382 303 374 303 374 360 382 360 House 0
392 22.000000000000046 375 22.000000000000043 375 98.00000000000006 392 98.00000000000006 House 0
395 144.00000000000006 385 144.00000000000006 385 201.00000000000006 395 201.00000000000006 House 0
399 295 384 295 384 362 399 362 House 0
423 283 406 283 406 358 423 358 House 0
445 75.00000000000006 429 75.00000000000006 429 143.00000000000006 445 143.00000000000006 House 0
441 264 429 264 429 350 441 350 House 0
463 260 447 260 447 353 463 353 House 0
472 269.00000000000006 464 269 464 334.00000000000006 472 334.0000000000001 House 0
483 246.00000000000006 473 246.00000000000006 473 327.0000000000001 483 327.0000000000001 House 0
460 28.000000000000057 449 28.000000000000057 449 110.00000000000006 460 110.00000000000006 House 0
492 103.00000000000006 478 103.00000000000006 478 165.00000000000006 492 165.00000000000006 House 0
505 256.0000000000001 494 256.0000000000001 494 318.0000000000001 505 318.0000000000001 House 0
529 221.00000000000006 517 221.00000000000006 517 299.0000000000001 529 299.0000000000001 House 0
545 194.00000000000006 530 194.00000000000006 530 290.0000000000001 545 290.0000000000001 House 0
572 112.00000000000006 558 112.00000000000006 558 228.00000000000006 572 228.00000000000006 House 0