87.00000000000006 547 72.00000000000006 547 72.00000000000006 571 87.00000000000006 571 House 0
135.00000000000006 523 122.00000000000006 523 122.00000000000006 558 135.00000000000006 558 House 0
143.00000000000006 502 130.00000000000006 502 130.00000000000006 526 143.00000000000006 526 House 0
155.00000000000006 492 141.00000000000006 492 141.00000000000006 517 155.00000000000006 517 House 0
185.00000000000006 565 168.00000000000006 565 168.00000000000006 594 185.00000000000006 594 House 0
171.00000000000006 474 155.00000000000006 474 155.00000000000006 505 171.00000000000006 505 House 0
185.00000000000006 439 170.00000000000006 439 170.00000000000006 466 185.00000000000006 466 House 0
219.00000000000006 464 207.00000000000006 464 207.00000000000006 493 219.00000000000006 493 House 0
213.00000000000006 569 197.00000000000006 569 197.00000000000006 593 213.00000000000006 593 House 0
233.00000000000006 582 217.00000000000006 582 217.00000000000006 609 233.00000000000006 609 House 0
257.0000000000001 610 242.00000000000006 610 242.00000000000006 629 257.0000000000001 629 House 0
257.0000000000001 525 242.00000000000006 525 242.00000000000006 553 257.0000000000001 553 House 0
233.00000000000006 471 218.00000000000006 471 218.00000000000006 501 233.00000000000006 501 House 0
251.00000000000006 478 234.00000000000006 478 234.00000000000006 504 251.00000000000006 504 House 0
291.0000000000001 525 279.0000000000001 525 279.0000000000001 549 291.0000000000001 549 House 0
309.0000000000001 511 295.0000000000001 511 295.0000000000001 532 309.0000000000001 532 House 0
326.0000000000001 504 312.0000000000001 504 312.0000000000001 529 326.0000000000001 529 House 0
340.0000000000001 495 325.0000000000001 495 325.0000000000001 523 340.0000000000001 523 House 0
352.0000000000001 489 338.0000000000001 489 338.0000000000001 505 352.0000000000001 505 House 0
367.0000000000001 479 354.0000000000001 479 354.0000000000001 513 367.0000000000001 513 House 0
385.0000000000001 478 370.0000000000001 478 370.0000000000001 505 385.0000000000001 505 House 0
392 461 381 461 381.0000000000001 483 392.0000000000001 483 House 0
321.0000000000001 612 306.0000000000001 612 306.0000000000001 632 321.0000000000001 632 House 0
334.0000000000001 592 318.0000000000001 592 318.0000000000001 612 334.0000000000001 612 House 0
361.0000000000001 572 347.0000000000001 572 347.0000000000001 597 361.0000000000001 597 House 0
375.0000000000001 569 362.0000000000001 569 362.0000000000001 593 375.0000000000001 593 House 0
402.0000000000001 552 387.0000000000001 552 387.0000000000001 577 402.0000000000001 577 House 0
417.0000000000001 547 403.0000000000001 547 403.0000000000001 568 417.0000000000001 568 House 0
442.0000000000001 534 422.0000000000001 534 422.0000000000001 555 442.0000000000001 555 House 0
412 454 396 454 396.0000000000001 476 412.0000000000001 476 House 0
430.00000000000006 446 415 446 415.00000000000006 472 430.0000000000001 472 House 0
451.0000000000001 438 432 438 432 473 451.0000000000001 473 House 0
494.0000000000001 476.0000000000001 477.0000000000001 476.0000000000001 477.0000000000001 505.0000000000001 494.0000000000001 505.0000000000001 House 0
492 391.0000000000001 476 391.0000000000001 476 418.0000000000001 492 418.0000000000001 House 0
522 372.0000000000001 511 372.0000000000001 511 394.0000000000001 522 394.0000000000001 House 0
637 444.0000000000001 623 444.0000000000001 623 471.0000000000001 637 471.0000000000001 House 0
632 523 622 523 622 547 632 547 House 0
636 570 623 570 623 589 636 589 House 0
640 612 633 612 633 639 640 639 House 0