14.000000000000043 337 4.127059713126581e-14 337 4.329126434985894e-14 370 14.000000000000046 370 House 0
36.000000000000036 267 25.000000000000036 267 25.000000000000036 311 36.00000000000004 311 House 0
118.00000000000003 287 103.00000000000003 287 103.00000000000003 314 118.00000000000003 314 House 0
163.00000000000006 275 143.00000000000006 275 143.00000000000006 305 163.00000000000006 305 House 0
29.00000000000003 204 4.000000000000025 204 4.000000000000027 238 29.00000000000003 238 House 0
33.000000000000014 126 18.000000000000014 126 18.000000000000018 154 33.000000000000014 154 House 0
132 132 110.00000000000003 132 110.00000000000003 163 132 163 House 0
145 106.00000000000003 127 106.00000000000003 127.00000000000001 128 145 128 House 0
21.000000000000007 40 6.000000000000005 40 6.000000000000006 62 21.000000000000007 62 House 0
42 25.000000000000004 28 25 28.000000000000004 51 42 51 House 0
57 3.000000000000006 45 3.0000000000000053 45 31.000000000000007 57 31.000000000000007 House 0
181 83.00000000000003 168 83.00000000000003 168 106.00000000000003 181 106.00000000000003 House 0
191 47.00000000000003 178 47.00000000000003 178 70.00000000000003 191 70.00000000000003 House 0
255 3.0126311259024884e-14 237 2.902412913979227e-14 237 19.00000000000003 255 19.00000000000003 House 0
298 85.00000000000003 278 85.00000000000003 278 113.00000000000003 298 113.00000000000003 House 0
354 65.00000000000004 333 65.00000000000003 333 99.00000000000004 354 99.00000000000006 House 0
308 193.00000000000006 292 193.00000000000006 292 219.00000000000006 308 219.00000000000006 House 0
340 169.00000000000006 316 169.00000000000006 316 199.00000000000006 340 199.00000000000006 House 0
397 143.00000000000006 375 143.00000000000006 375 177.00000000000006 397 177.00000000000006 House 0
437 105.00000000000006 415 105.00000000000006 415 132.00000000000006 437 132.00000000000006 House 0
503 100.00000000000006 480 100.00000000000006 480 125.00000000000006 503 125.00000000000006 House 0
521 66.00000000000006 506 66.00000000000006 506 97.00000000000006 521 97.00000000000006 House 0
545 46.00000000000007 526 46.00000000000007 526 76.00000000000006 545 76.00000000000006 House 0
568 37.00000000000007 549 37.00000000000007 549 66.00000000000006 568 66.00000000000006 House 0
590 10.000000000000071 567 10.000000000000071 567 41.00000000000007 590 41.00000000000007 House 0
619 9.000000000000075 595 9.000000000000075 595 38.00000000000007 619 38.00000000000007 House 0