626 432.0000000000001 559 432.0000000000001 559 517 626 517 TennisCourt 0
513 371.0000000000001 444 371 444.00000000000006 466.0000000000001 513 466.0000000000001 TennisCourt 0
436 367 370 367 370 460 436 460 TennisCourt 0
336.0000000000001 375 264 375 264.00000000000006 467 336.0000000000001 467 TennisCourt 0
158 99.00000000000003 92 99 92.00000000000001 194 158 194 TennisCourt 0
228 120.00000000000003 162 120.00000000000003 162 214 228 214 TennisCourt 0
315 158.00000000000006 248 158.00000000000006 248.00000000000006 248.00000000000006 315 248.00000000000006 TennisCourt 0
36.00000000000003 246 3.012631125902489e-14 246 3.251437251736223e-14 285 36.00000000000003 285 House 0
31.00000000000002 193 2.3635683223543918e-14 193 2.620744150175336e-14 235 31.00000000000003 235 House 0
43.00000000000003 138 1.0000000000000169 138 1.0000000000000195 181 43.00000000000003 181 House 0
65.00000000000001 99 1.2124003311558797e-14 99 1.4267135210066664e-14 134 65.00000000000003 134 House 0
74 60.00000000000001 7.34788079488412e-15 60 9.980871413050927e-15 103 74 103 House 0
51 21.000000000000007 2.5717582782094413e-15 21 4.837354856632045e-15 58 51 58 House 0
612 59.00000000000007 556 59.00000000000007 556 127.00000000000006 612 127.00000000000009 House 0
564 36.000000000000064 483 36.00000000000006 483 80.00000000000006 564 80.00000000000006 House 0
545 6.202836037681344e-14 468 5.731347020009613e-14 468 42.000000000000064 545 42.00000000000007 House 0
150 2.000000000000016 108 2.0000000000000133 108 39.000000000000014 150 39.000000000000014 House 0
63 3.857637417314163e-15 0 0 1.4695761589768241e-15 24.000000000000004 63 24.000000000000007 House 0