441 124.00000000000006 389 124.00000000000006 389 199.00000000000006 441 199.00000000000006 TennisCourt 0
490 120.00000000000006 437 120.00000000000006 437 197.00000000000006 490 197.00000000000006 TennisCourt 0
185.00000000000006 244 138.00000000000006 244 138.00000000000006 320 185.00000000000006 320 TennisCourt 0
238.00000000000006 242.00000000000003 185.00000000000006 242 185.00000000000006 320 238.00000000000006 320 TennisCourt 0
314 242.00000000000006 265 242.00000000000006 265 315 314 315 TennisCourt 0
362 239.00000000000006 316 239.00000000000006 316 313 362 313 TennisCourt 0
194.00000000000006 361 144.00000000000006 361 144.00000000000006 435 194.00000000000006 435 TennisCourt 0
243.00000000000006 359 192.00000000000006 359 192.00000000000006 435 243.00000000000006 435 TennisCourt 0
319 354 271 354 271 431 319 431 TennisCourt 0
372 354 321 354 321 427 372 427 TennisCourt 0
465 350.00000000000006 417 350 417 424.00000000000006 465 424.0000000000001 TennisCourt 0
515 350.0000000000001 467 350.0000000000001 467 423.0000000000001 515 423.0000000000001 TennisCourt 0
222.00000000000006 480 176.00000000000006 480 176.00000000000006 555 222.00000000000006 555 TennisCourt 0
275.0000000000001 479 224.00000000000006 479 224.00000000000006 555 275.0000000000001 555 TennisCourt 0
327.0000000000001 480 281.0000000000001 480 281.0000000000001 553 327.0000000000001 553 TennisCourt 0
376.0000000000001 479 329.0000000000001 479 329.0000000000001 552 376.0000000000001 552 TennisCourt 0
477.0000000000001 468.00000000000006 432.0000000000001 468 432.0000000000001 541 477.0000000000001 541 TennisCourt 0
532 463.0000000000001 482 463.0000000000001 482 538 532 538 TennisCourt 0