69.00000000000006 428 23.00000000000005 428 23.00000000000005 459 69.00000000000006 459 TennisCourt 0
85.00000000000006 455 50.00000000000006 455 50.00000000000006 483 85.00000000000006 483 TennisCourt 0
277.0000000000001 503 216.00000000000006 503 216.00000000000006 581 277.0000000000001 581 TennisCourt 0
325.0000000000001 482 264.0000000000001 482 264.0000000000001 559 325.0000000000001 559 TennisCourt 0
373.00000000000006 460 313 460 313.00000000000006 536 373.0000000000001 536 TennisCourt 0
229.00000000000006 402 168.00000000000006 402 168.00000000000006 480 229.00000000000006 480 TennisCourt 0
277 381 217.00000000000006 381 217.00000000000006 457 277 457 TennisCourt 0
324 357 266 357 266 437 324 437 TennisCourt 0
180.00000000000006 299 120.00000000000003 299 120.00000000000003 376 180.00000000000006 376 TennisCourt 0
229.00000000000006 277 167.00000000000006 277 167.00000000000006 356 229.00000000000006 356 TennisCourt 0
171.00000000000006 441 114.00000000000006 441 114.00000000000006 489 171.00000000000006 489 House 0
640 157.00000000000006 614 157.00000000000006 614 265.0000000000001 640 265.0000000000001 House 0
429 160.00000000000006 368 160.00000000000006 368 237.00000000000006 429 237.00000000000006 TennisCourt 0
477 139.00000000000006 414 139.00000000000006 414 217.00000000000006 477 217.00000000000006 TennisCourt 0
480 271.00000000000006 422 271 422 348.00000000000006 480 348.0000000000001 TennisCourt 0
528 246.00000000000006 468 246.00000000000006 468 327.0000000000001 528 327.0000000000001 TennisCourt 0
495 383.00000000000006 434 383 434 462 495 462.0000000000001 TennisCourt 0
532 366.0000000000001 472 366.0000000000001 472 444.0000000000001 532 444.0000000000001 TennisCourt 0
571 348.0000000000001 513 348.0000000000001 513 426.0000000000001 571 426.0000000000001 TennisCourt 0
640 18.00000000000007 523 18.000000000000064 523 81.00000000000007 640 81.00000000000009 House 0
276 255.00000000000003 214.00000000000006 255 214.00000000000006 332 276 332 TennisCourt 0