340.00000000000006 386 304 386 304.00000000000006 502 340.0000000000001 502 TennisCourt 0
386.0000000000001 385 353 385 353.00000000000006 501 386.0000000000001 501 TennisCourt 0
457 384 424 384 424.00000000000006 500 457.0000000000001 500 TennisCourt 0
503.00000000000006 382.0000000000001 469 382.0000000000001 469.00000000000006 499.0000000000001 503.0000000000001 499.0000000000001 TennisCourt 0
561 197.00000000000006 525 197.00000000000006 525 315.0000000000001 561 315.0000000000001 TennisCourt 0
513 199.00000000000006 478 199.00000000000006 478 316.0000000000001 513 316.0000000000001 TennisCourt 0
467 201.00000000000006 431 201.00000000000006 431 319.00000000000006 467 319.0000000000001 TennisCourt 0
401 204.00000000000006 366 204.00000000000006 366 320 401 320 TennisCourt 0
337 205.00000000000006 304 205.00000000000006 304 321 337 321 TennisCourt 0
291 206.00000000000006 255 206.00000000000006 255.00000000000003 323 291 323 TennisCourt 0
220.00000000000003 209 185 209 185.00000000000003 327 220.00000000000006 327 TennisCourt 0
173.00000000000006 212 139 212 139.00000000000003 329 173.00000000000006 329 TennisCourt 0
125.00000000000003 213 91.00000000000003 213 91.00000000000003 330 125.00000000000003 330 TennisCourt 0
105.00000000000001 31.00000000000001 70 31.000000000000007 70.00000000000001 151 105.00000000000003 151 TennisCourt 0
153 31.000000000000018 119 31.000000000000014 119.00000000000003 149 153 149 TennisCourt 0
229 31.00000000000002 195 31.00000000000002 195 147 229 147 TennisCourt 0
276 28.000000000000036 242 28.00000000000003 242 145.00000000000006 276 145.00000000000006 TennisCourt 0
45.00000000000001 32 1.000000000000004 32 1.0000000000000113 154 45.000000000000014 154 House 0