152.00000000000006 466 96.00000000000006 466 96.00000000000007 586 152.00000000000006 586 TennisCourt 0
190.00000000000006 449 139.00000000000006 449 139.00000000000006 565 190.00000000000006 565 TennisCourt 0
232.00000000000006 329 176.00000000000006 329 176.00000000000006 452 232.00000000000006 452 TennisCourt 0
273 307 219.00000000000006 307 219.00000000000006 429 273 429 TennisCourt 0
442 342 390 342 390 463 442 463 TennisCourt 0
489 324.00000000000006 432 324 432 444.00000000000006 489 444.0000000000001 TennisCourt 0
310 180.00000000000006 257 180.00000000000006 257 301 310 301 TennisCourt 0
352 160.00000000000006 299 160.00000000000006 299 283 352 283 TennisCourt 0
427 175.00000000000006 371 175.00000000000006 371 294 427 294 TennisCourt 0
470 153.00000000000006 413 153.00000000000006 413 276.00000000000006 470 276.0000000000001 TennisCourt 0
111.00000000000003 223 57.00000000000003 223 57.000000000000036 335 111.00000000000003 335 House 0
184.00000000000003 177 103.00000000000003 177 103.00000000000003 269 184.00000000000006 269 House 0
250 42.00000000000002 173 42.000000000000014 173 170.00000000000003 250 170.00000000000006 House 0
268 2.969768487932331e-14 217 2.6574835541497565e-14 217 82.00000000000003 268 82.00000000000003 House 0
118 1.1021821192326179e-14 62 7.59281015471359e-15 62 56.000000000000014 118 56.000000000000014 House 0
95.00000000000001 65 57.000000000000014 65 57.000000000000014 126 95.00000000000003 126 House 0
113.00000000000004 340 61.00000000000004 340 61.00000000000004 400 113.00000000000006 400 House 0